-21.200000000000003
-21.200000000000003
-21.200000000000003
-21.200000000000003
-21.200000000000003
-21.200000000000003
-21.200000000000003
-21.200000000000003
-21.200000000000003
-21.200000000000003
-21.200000000000003
-21.200000000000003
-21.200000000000003
-21.200000000000003
-21.200000000000003
-21.200000000000003
-21.200000000000003
-21.200000000000003
-21.200000000000003
-21.200000000000003
-21.200000000000003
-21.200000000000003
-21.200000000000003
-21.200000000000003
-21.200000000000003
-21.200000000000003
-21.200000000000003
-21.200000000000003
-21.200000000000003
-21.200000000000003
-21.200000000000003
-21.200000000000003
-21.200000000000003
-21.200000000000003
-21.200000000000003
-21.200000000000003
-21.200000000000003
-21.200000000000003
-21.200000000000003
-21.200000000000003
-21.200000000000003
-21.200000000000003
-21.200000000000003
-21.200000000000003
-21.200000000000003
-21.200000000000003
-21.200000000000003
-21.200000000000003
-21.200000000000003
-21.200000000000003
-21.200000000000003
-21.200000000000003
-21.200000000000003
-21.200000000000003
-21.200000000000003
-21.200000000000003
-21.200000000000003
-21.200000000000003
-21.200000000000003
-21.200000000000003
-21.200000000000003
-21.200000000000003
-21.200000000000003
-21.200000000000003
-21.200000000000003
-21.200000000000003
-21.200000000000003
-21.200000000000003
-21.200000000000003
-21.200000000000003
-21.200000000000003
-21.200000000000003
-21.200000000000003
-21.200000000000003
-21.200000000000003
-21.200000000000003
-21.200000000000003
-21.200000000000003
-21.200000000000003
-21.200000000000003
-21.200000000000003
-21.200000000000003
-21.200000000000003
-21.200000000000003
-21.200000000000003
-21.200000000000003
-21.200000000000003
-21.200000000000003
-21.200000000000003
-21.200000000000003
-21.200000000000003
-21.200000000000003
-21.200000000000003
-21.200000000000003
-21.200000000000003
-21.200000000000003
-21.200000000000003
-21.200000000000003
-21.200000000000003
-21.200000000000003
-21.200000000000003
-21.200000000000003
-21.200000000000003
-21.200000000000003
-21.200000000000003
-21.200000000000003
-21.200000000000003
-21.200000000000003
-21.200000000000003
-21.200000000000003
-21.200000000000003
-21.200000000000003
-21.200000000000003
-21.200000000000003
-21.200000000000003
-21.200000000000003
-21.200000000000003
-21.200000000000003
-21.200000000000003
-21.200000000000003
-21.200000000000003
-21.200000000000003
-21.200000000000003
-21.200000000000003
-21.200000000000003
-21.200000000000003
-21.200000000000003
-21.200000000000003
-21.200000000000003
-21.200000000000003
-21.200000000000003
-21.200000000000003
-21.200000000000003
-21.200000000000003
-21.200000000000003
-21.200000000000003
-21.200000000000003
-21.200000000000003
-21.200000000000003
-21.200000000000003
-21.200000000000003
-21.200000000000003
-21.200000000000003
-21.200000000000003
-21.200000000000003
-21.200000000000003
-21.200000000000003
-21.200000000000003
-21.200000000000003
-21.200000000000003
-21.200000000000003
-21.200000000000003
-21.200000000000003
-21.200000000000003
-21.200000000000003
-21.200000000000003
-21.200000000000003
-21.200000000000003
-21.200000000000003
-21.200000000000003
-21.200000000000003
-21.200000000000003
-21.200000000000003
-21.200000000000003
-21.200000000000003
-21.200000000000003
-21.200000000000003
-21.200000000000003
-21.200000000000003
-21.200000000000003
-21.200000000000003
-21.200000000000003
-21.200000000000003
-21.200000000000003
-21.200000000000003
-21.200000000000003
-21.200000000000003
-21.200000000000003
-21.200000000000003
-21.200000000000003
-21.200000000000003
37.199999999999996
37.199999999999996
37.199999999999996
37.199999999999996
37.199999999999996
37.599999999999994
37.199999999999996
37.199999999999996
36.800000000000004
36.800000000000004
36.800000000000004
37.199999999999996
36.800000000000004
36.800000000000004
36.800000000000004
36.800000000000004
36.800000000000004
36.4
36.800000000000004
36.4
36.800000000000004
36.800000000000004
36.4
36.800000000000004
36.800000000000004
36.800000000000004
36.0
36.4
36.4
36.4
36.4
36.0
36.4
36.0
36.4
36.0
36.0
36.4
36.0
36.0
36.0
36.0
36.0
36.0
35.6
36.0
35.6
36.0
35.6
36.0
36.0
36.0
35.6
35.2
35.6
35.6
35.6
35.6
36.0
35.6
35.6
35.6
35.6
35.2
35.6
35.6
35.6
35.6
35.6
35.2
35.2
35.2
35.2
35.2
35.2
35.2
35.6
35.2
35.2
35.2
35.6
35.2
34.8
35.2
35.2
35.2
34.8
35.2
35.6
34.8
35.2
35.6
35.2
34.8
34.8
35.2
35.2
34.8
34.8
35.2
35.2
34.8
35.2
35.2
35.2
34.8
34.8
34.8
35.2
34.8
34.8
34.8
34.8
34.8
34.8
34.8
35.2
34.8
34.8
34.4
34.8
34.8
34.8
34.8
35.2
34.8
34.8
34.8
34.8
34.8
35.2
34.8
34.8
34.8
34.8
34.8
34.4
34.8
34.8
34.8
34.8
34.8
34.8
34.4
34.8
34.8
34.8
34.8
34.8
34.4
34.4
34.4
34.4
34.4
34.8
34.8
34.4
34.8
34.8
34.8
34.8
34.8
34.8
34.8
34.4
34.4
34.4
34.4
34.4
34.4
34.8
34.8
34.4
34.4
34.4
34.4
34.8
34.8
34.4
34.8
34.4
34.4
34.4
34.4
34.4
34.8
34.4
34.4
34.4
34.4
34.4
34.4
34.8
34.4
34.4
34.4
34.4
34.4
34.4
34.4
34.8
34.4
34.4
34.4
34.4
34.4
34.4
34.8
34.8
34.4
34.4
34.0
34.8
34.0
34.4
34.8
34.8
34.4
34.4
34.4
34.4
34.4
34.4
34.8
34.4
34.4
34.4
34.4
34.0
34.4
34.4
34.8
34.4
34.0
34.4
34.4
34.0
34.8
34.8
34.4
34.0
34.4
34.4
34.0
34.4
34.8
34.4
34.4
34.4
34.4
34.4
34.4
34.8
34.8
34.4
34.4
34.0
34.4
34.0
34.4
34.8
34.4
34.4
34.0
34.0
34.4
34.4
34.4
34.4
34.4
34.4
34.4
34.4
34.4
34.4
34.4
34.8
34.4
34.0
34.0
34.4
34.4
34.4
34.4
34.4
34.4
34.4
34.4
34.0
34.4
34.4
34.4
34.4
34.4
34.0
34.8
34.0
34.4
34.8
34.4
34.0
34.0
34.4
34.0
34.0
34.4
34.4
34.0
34.4
34.0
34.8
34.0
34.4
34.8
34.4
34.4
34.4
34.0
34.0
34.4
34.4
34.8
34.4
34.0
34.4
34.4
34.0
34.4
34.4
34.4
34.4
34.4
34.4
34.0
34.4
34.4
34.4
34.4
33.199999999999996
32.800000000000004
32.800000000000004
32.800000000000004
33.6
34.0
34.8
35.2
35.2
36.0
36.4
37.199999999999996
37.199999999999996
38.0
38.8
38.8
39.2
40.0
41.2
40.8
41.2
42.400000000000006
41.6
42.400000000000006
42.400000000000006
41.2
43.2
44.0
42.400000000000006
40.0
37.599999999999994
34.4
32.0
29.6
26.8
36.0
42.400000000000006
44.39999999999999
44.800000000000004
43.2
40.8
43.2
44.0
42.400000000000006
44.39999999999999
43.2
43.6
43.2
43.2
42.800000000000004
43.2
43.2
42.0
42.0
42.400000000000006
42.0
41.6
41.2
41.2
40.8
40.8
40.0
40.0
40.0
39.6
39.6
39.6
39.2
39.2
38.8
38.8
38.4
38.4
38.4
38.0
37.599999999999994
38.0
37.599999999999994
37.599999999999994
37.599999999999994
37.599999999999994
37.199999999999996
36.800000000000004
36.800000000000004
36.800000000000004
36.800000000000004
36.4
36.4
36.0
36.4
36.4
36.4
36.0
35.6
35.6
36.0
35.2
35.2
35.2
36.0
35.6
35.2
35.2
35.2
34.8
34.8
34.8
34.8
35.2
35.2
34.8
34.8
34.4
34.4
34.0
34.4
34.4
34.8
34.4
34.0
34.4
34.4
34.0
34.0
34.4
34.4
34.0
34.0
34.0
34.0
33.6
33.6
34.0
34.0
33.6
33.6
33.6
33.6
33.199999999999996
33.6
34.0
33.6
33.199999999999996
33.6
33.6
33.199999999999996
33.199999999999996
33.6
33.6
33.199999999999996
33.6
33.6
33.199999999999996
32.800000000000004
33.199999999999996
33.6
33.199999999999996
33.199999999999996
33.199999999999996
33.199999999999996
32.800000000000004
33.199999999999996
33.6
33.199999999999996
32.800000000000004
33.199999999999996
33.199999999999996
32.400000000000006
33.199999999999996
33.199999999999996
33.199999999999996
32.800000000000004
32.800000000000004
33.199999999999996
32.800000000000004
32.800000000000004
33.199999999999996
33.199999999999996
32.800000000000004
32.800000000000004
33.199999999999996
32.800000000000004
32.800000000000004
33.199999999999996
33.199999999999996
32.800000000000004
32.800000000000004
32.800000000000004
32.800000000000004
32.800000000000004
33.199999999999996
32.800000000000004
32.800000000000004
32.800000000000004
32.800000000000004
32.400000000000006
32.800000000000004
32.800000000000004
32.400000000000006
32.800000000000004
32.800000000000004
32.400000000000006
32.800000000000004
32.800000000000004
32.800000000000004
32.400000000000006
32.400000000000006
32.800000000000004
32.400000000000006
32.400000000000006
32.800000000000004
33.199999999999996
32.400000000000006
32.400000000000006
32.400000000000006
32.400000000000006
32.400000000000006
32.800000000000004
32.800000000000004
32.400000000000006
32.800000000000004
32.400000000000006
32.400000000000006
32.800000000000004
32.800000000000004
32.400000000000006
32.400000000000006
32.800000000000004
32.400000000000006
32.400000000000006
32.800000000000004
32.400000000000006
32.400000000000006
32.400000000000006
32.800000000000004
32.400000000000006
32.400000000000006
32.800000000000004
32.400000000000006
32.400000000000006
32.800000000000004
32.400000000000006
32.400000000000006
32.400000000000006
32.800000000000004
32.400000000000006
32.0
32.400000000000006
32.400000000000006
32.0
32.400000000000006
32.400000000000006
32.400000000000006
32.400000000000006
32.400000000000006
32.400000000000006
32.800000000000004
32.800000000000004
32.400000000000006
32.400000000000006
32.800000000000004
32.400000000000006
32.400000000000006
32.800000000000004
32.400000000000006
32.0
32.400000000000006
32.400000000000006
32.400000000000006
32.400000000000006
32.800000000000004
32.400000000000006
32.400000000000006
32.400000000000006
32.400000000000006
32.400000000000006
32.400000000000006
32.800000000000004
32.400000000000006
32.400000000000006
32.400000000000006
32.400000000000006
32.400000000000006
32.400000000000006
32.400000000000006
32.400000000000006
32.400000000000006
32.0
32.400000000000006
32.400000000000006
32.800000000000004
32.0
32.400000000000006
32.400000000000006
32.400000000000006
32.400000000000006
32.400000000000006
32.400000000000006
32.0
32.400000000000006
32.400000000000006
32.400000000000006
32.400000000000006
32.800000000000004
32.0
32.0
32.400000000000006
32.400000000000006
32.400000000000006
32.0
32.400000000000006
32.400000000000006
32.400000000000006
32.0
32.400000000000006
32.800000000000004
32.800000000000004
32.0
32.400000000000006
32.400000000000006
32.0
32.400000000000006
32.400000000000006
32.400000000000006
32.0
32.400000000000006
32.400000000000006
32.400000000000006
32.400000000000006
32.400000000000006
32.0
32.0
32.400000000000006
32.400000000000006
32.400000000000006
32.400000000000006
32.400000000000006
32.0
32.400000000000006
32.0
32.400000000000006
32.400000000000006
32.400000000000006
32.400000000000006
32.0
32.800000000000004
32.0
32.400000000000006
32.400000000000006
32.400000000000006
32.400000000000006
32.400000000000006
32.400000000000006
32.400000000000006
32.400000000000006
32.400000000000006
32.400000000000006
32.0
32.400000000000006
32.400000000000006
32.400000000000006
32.800000000000004
32.400000000000006
32.400000000000006
32.400000000000006
32.0
32.400000000000006
32.400000000000006
32.400000000000006
32.0
32.400000000000006
32.800000000000004
32.400000000000006
32.400000000000006
32.400000000000006
32.400000000000006
32.400000000000006
32.400000000000006
32.400000000000006
32.400000000000006
32.400000000000006
32.400000000000006
32.0
32.400000000000006
32.400000000000006
32.0
32.400000000000006
32.800000000000004
32.400000000000006
32.0
32.0
32.400000000000006
32.400000000000006
32.400000000000006
32.800000000000004
32.0
32.400000000000006
32.400000000000006
32.0
32.400000000000006
32.400000000000006
32.0
32.400000000000006
32.400000000000006
32.0
32.0
32.400000000000006
32.400000000000006
32.0
32.400000000000006
32.400000000000006
32.400000000000006
32.400000000000006
32.400000000000006
32.0
32.0
32.0
32.0
32.0
32.400000000000006
32.400000000000006
32.400000000000006
32.400000000000006
32.400000000000006
32.0
32.400000000000006
32.400000000000006
32.0
32.0
32.0
32.0
32.400000000000006
32.800000000000004
32.800000000000004
32.0
32.0
32.400000000000006
32.0
32.400000000000006
32.400000000000006
32.400000000000006
32.400000000000006
32.400000000000006
32.0
32.400000000000006
32.400000000000006
32.400000000000006
32.400000000000006
32.0
32.400000000000006
32.400000000000006
32.400000000000006
32.400000000000006
32.0
32.400000000000006
32.400000000000006
32.400000000000006
32.400000000000006
32.400000000000006
32.400000000000006
32.400000000000006
32.0
32.0
32.0
32.400000000000006
32.400000000000006
32.0
32.0
32.800000000000004
32.0
32.400000000000006
32.400000000000006
32.0
32.0
32.400000000000006
32.400000000000006
32.400000000000006
32.400000000000006
32.800000000000004
32.400000000000006
32.400000000000006
32.400000000000006
32.400000000000006
32.800000000000004
32.400000000000006
32.0
32.0
32.0
32.0
32.0
32.800000000000004
32.400000000000006
32.0
32.0
32.800000000000004
32.0
32.400000000000006
34.0
34.4
34.8
34.8
35.6
35.6
36.0
36.4
37.199999999999996
36.800000000000004
37.199999999999996
37.199999999999996
38.0
38.0
38.4
38.8
39.2
39.6
39.6
40.0
40.8
40.4
40.8
41.6
42.0
42.800000000000004
42.800000000000004
43.2
44.0
44.39999999999999
44.800000000000004
45.199999999999996
45.199999999999996
45.60000000000001
45.60000000000001
46.400000000000006
46.8
46.400000000000006
46.8
47.199999999999996
46.8
47.199999999999996
47.199999999999996
46.400000000000006
48.0
46.400000000000006
46.400000000000006
48.4
48.0
45.60000000000001
42.400000000000006
41.6
46.400000000000006
48.4
49.2
50.0
48.4
45.60000000000001
42.400000000000006
39.2
44.39999999999999
47.599999999999994
47.599999999999994
45.60000000000001
46.8
48.0
46.400000000000006
47.199999999999996
47.599999999999994
46.0
47.599999999999994
46.8
47.199999999999996
46.8
47.199999999999996
46.400000000000006
47.599999999999994
46.400000000000006
46.8
46.400000000000006
46.0
46.400000000000006
46.400000000000006
45.60000000000001
46.0
46.0
45.60000000000001
45.199999999999996
45.199999999999996
45.60000000000001
44.800000000000004
44.39999999999999
44.0
44.39999999999999
44.39999999999999
44.0
43.6
44.0
44.0
43.2
43.2
42.800000000000004
42.800000000000004
42.800000000000004
42.800000000000004
42.800000000000004
42.400000000000006
42.0
41.6
41.6
41.2
41.6
41.6
41.6
41.2
40.8
40.8
41.2
40.8
40.8
40.8
40.4
40.4
40.4
40.0
40.0
40.0
39.2
40.0
39.6
39.6
40.0
39.6
39.2
39.2
38.8
39.2
38.8
38.8
38.8
38.8
38.8
38.8
38.8
38.4
38.4
38.4
38.4
38.4
38.0
38.0
38.4
38.0
38.4
38.0
37.599999999999994
37.599999999999994
37.599999999999994
37.599999999999994
37.599999999999994
37.199999999999996
37.599999999999994
37.599999999999994
37.599999999999994
37.599999999999994
37.199999999999996
37.199999999999996
37.199999999999996
37.199999999999996
36.800000000000004
37.199999999999996
37.199999999999996
37.199999999999996
37.199999999999996
36.800000000000004
36.800000000000004
36.800000000000004
36.800000000000004
37.199999999999996
36.4
36.800000000000004
37.199999999999996
36.800000000000004
36.800000000000004
36.4
36.4
36.4
36.4
36.0
36.4
36.4
36.4
36.4
36.0
36.4
36.0
36.4
36.0
36.4
36.0
36.4
36.0
36.0
35.6
36.0
36.0
35.6
36.0
35.6
36.0
36.0
35.6
35.6
36.0
35.6
36.0
35.6
35.6
35.6
35.6
35.6
35.6
35.6
35.6
35.6
35.6
35.6
35.2
35.6
35.6
35.2
35.2
35.6
35.6
35.6
35.2
35.2
35.6
35.2
35.2
35.6
35.6
35.2
34.8
34.8
35.2
35.2
34.8
35.6
35.2
35.2
34.8
35.2
34.8
34.8
34.8
35.2
35.2
34.8
34.8
34.8
34.8
35.2
35.2
35.2
35.2
35.2
34.8
34.8
34.8
34.8
34.8
35.2
34.8
34.8
35.2
34.8
34.8
34.4
34.8
34.8
34.8
34.8
34.8
34.8
34.8
34.8
34.8
34.8
34.8
34.8
34.8
34.4
34.8
34.8
34.8
35.2
34.8
34.4
34.8
34.4
34.8
34.8
34.8
34.8
34.8
34.8
34.8
34.4
34.4
34.4
34.8
34.8
34.8
34.8
34.4
34.4
34.4
34.4
34.8
34.8
34.8
34.8
34.4
34.4
34.4
34.8
34.8
34.8
34.4
34.4
34.4
34.4
34.4
34.8
34.8
34.4
34.4
34.8
34.4
34.4
34.4
34.8
34.4
34.4
34.4
34.4
34.4
34.0
34.8
34.8
34.4
34.4
34.4
34.4
34.4
34.0
34.8
34.8
34.0
34.0
34.4
34.4
34.0
34.4
34.4
34.4
34.4
34.4
34.8
34.4
34.0
34.4
34.8
34.8
34.4
34.4
34.4
34.4
34.4
34.4
34.8
34.4
34.0
34.4
34.8
34.4
34.4
34.4
34.8
34.0
34.4
34.4
34.4
34.4
34.4
34.8
34.4
34.4
34.0
34.8
34.4
34.4
34.4
34.4
34.4
34.4
34.4
34.0
34.4
34.4
34.4
34.4
34.4
34.0
34.4
34.4
34.4
34.4
34.4
34.4
34.4
34.4
33.6
34.0
34.4
34.4
34.4
34.4
34.0
34.4
34.0
34.8
34.4
34.4
34.4
34.8
34.4
34.0
34.0
34.4
34.4
34.4
34.4
34.4
34.4
34.0
34.4
34.4
34.4
34.0
34.4
34.4
34.0
34.0
34.4
34.4
34.4
34.4
34.4
34.8
34.0
34.0
34.8
34.4
34.0
34.4
34.4
34.4
34.0
34.4
34.4
34.4
34.4
34.0
34.8
34.0
34.4
34.4
34.8
34.4
34.0
34.4
34.4
34.0
34.4
34.8
34.4
34.4
34.0
34.4
34.0
34.4
34.4
34.4
34.4
34.4
34.4
34.0
34.4
34.4
34.0
34.4
33.6
32.800000000000004
32.800000000000004
32.400000000000006
33.6
34.0
34.4
34.8
35.2
35.6
36.4
37.199999999999996
37.599999999999994
38.0
38.4
38.8
39.6
40.4
40.8
40.8
42.0
42.0
41.6
42.0
42.800000000000004
40.8
42.800000000000004
44.39999999999999
42.800000000000004
40.4
37.599999999999994
34.8
32.0
29.6
27.199999999999996
36.800000000000004
42.400000000000006
44.0
44.800000000000004
42.400000000000006
40.8
43.6
43.6
42.800000000000004
44.0
42.800000000000004
43.6
42.800000000000004
43.2
43.2
42.800000000000004
42.800000000000004
42.400000000000006
41.6
41.6
42.0
41.6
41.2
41.2
40.8
40.4
40.0
40.4
40.0
39.6
39.6
39.6
39.2
38.8
38.8
38.8
38.4
38.0
38.0
38.0
37.599999999999994
37.599999999999994
37.599999999999994
37.599999999999994
37.599999999999994
37.199999999999996
37.199999999999996
37.199999999999996
36.800000000000004
36.4
36.4
36.4
36.4
36.4
36.4
36.0
36.0
36.0
36.0
35.6
35.6
35.2
35.2
35.6
35.6
35.2
35.2
35.2
35.2
35.2
34.8
35.2
34.8
35.2
34.8
34.8
34.8
34.4
34.4
34.4
34.4
34.4
34.8
34.4
34.4
34.4
34.4
34.0
34.0
34.4
34.4
34.0
34.0
33.6
34.0
34.0
34.0
34.0
34.0
34.0
33.6
33.6
33.6
33.6
33.6
34.0
33.6
33.6
33.199999999999996
33.199999999999996
33.6
33.6
33.6
33.6
33.6
33.199999999999996
33.6
32.800000000000004
33.199999999999996
33.6
33.199999999999996
33.199999999999996
33.6
33.199999999999996
32.800000000000004
33.199999999999996
33.199999999999996
33.6
32.800000000000004
32.800000000000004
32.800000000000004
32.800000000000004
32.800000000000004
32.800000000000004
33.6
32.800000000000004
32.800000000000004
32.800000000000004
32.800000000000004
32.800000000000004
32.800000000000004
33.199999999999996
33.199999999999996
32.800000000000004
33.199999999999996
32.400000000000006
32.800000000000004
33.199999999999996
32.800000000000004
32.800000000000004
32.800000000000004
32.800000000000004
32.400000000000006
32.800000000000004
32.800000000000004
32.800000000000004
32.400000000000006
32.800000000000004
32.800000000000004
32.400000000000006
32.800000000000004
32.800000000000004
33.199999999999996
32.800000000000004
32.400000000000006
32.800000000000004
32.800000000000004
32.800000000000004
32.800000000000004
32.800000000000004
32.800000000000004
32.400000000000006
32.400000000000006
32.400000000000006
32.800000000000004
32.800000000000004
32.400000000000006
32.400000000000006
32.800000000000004
32.400000000000006
32.400000000000006
32.800000000000004
32.800000000000004
32.400000000000006
32.400000000000006
32.800000000000004
32.400000000000006
32.800000000000004
32.800000000000004
32.400000000000006
32.400000000000006
32.400000000000006
32.400000000000006
32.400000000000006
32.800000000000004
32.800000000000004
32.400000000000006
32.400000000000006
32.400000000000006
32.400000000000006
32.400000000000006
32.800000000000004
32.800000000000004
32.400000000000006
32.400000000000006
32.400000000000006
32.400000000000006
32.400000000000006
32.800000000000004
32.400000000000006
32.400000000000006
32.400000000000006
32.400000000000006
32.400000000000006
32.800000000000004
32.800000000000004
32.0
32.400000000000006
32.800000000000004
32.400000000000006
32.400000000000006
32.400000000000006
32.400000000000006
32.400000000000006
32.400000000000006
32.400000000000006
32.400000000000006
32.400000000000006
32.400000000000006
32.0
32.800000000000004
32.400000000000006
32.400000000000006
32.0
32.800000000000004
32.400000000000006
32.400000000000006
32.0
32.0
32.400000000000006
32.400000000000006
32.400000000000006
32.0
32.400000000000006
32.400000000000006
32.0
32.400000000000006
33.199999999999996
32.400000000000006
32.0
32.400000000000006
32.400000000000006
32.400000000000006
32.400000000000006
32.400000000000006
32.0
32.400000000000006
32.400000000000006
32.0
32.400000000000006
32.800000000000004
32.400000000000006
32.400000000000006
32.400000000000006
32.400000000000006
32.0
32.400000000000006
32.800000000000004
32.0
32.0
32.400000000000006
32.400000000000006
32.400000000000006
32.400000000000006
32.400000000000006
32.400000000000006
32.400000000000006
32.400000000000006
32.400000000000006
32.800000000000004
32.800000000000004
32.0
32.400000000000006
32.400000000000006
32.0
32.400000000000006
32.400000000000006
32.800000000000004
32.400000000000006
32.400000000000006
32.400000000000006
32.400000000000006
32.400000000000006
32.400000000000006
32.0
32.400000000000006
32.400000000000006
32.0
32.400000000000006
32.400000000000006
32.0
32.0
32.400000000000006
32.400000000000006
32.400000000000006
32.400000000000006
32.400000000000006
32.400000000000006
32.0
32.400000000000006
32.0
32.400000000000006
32.800000000000004
32.400000000000006
32.400000000000006
32.0
32.400000000000006
32.400000000000006
32.400000000000006
32.800000000000004
32.0
32.400000000000006
32.400000000000006
32.0
32.0
32.400000000000006
32.400000000000006
32.400000000000006
32.400000000000006
32.400000000000006
32.400000000000006
32.400000000000006
32.800000000000004
32.0
32.400000000000006
32.400000000000006
32.0
32.400000000000006
32.800000000000004
32.400000000000006
32.0
32.400000000000006
32.400000000000006
32.0
32.400000000000006
32.800000000000004
32.400000000000006
32.400000000000006
32.400000000000006
32.400000000000006
32.400000000000006
32.400000000000006
32.0
32.400000000000006
32.400000000000006
32.0
32.0
32.400000000000006
32.800000000000004
32.0
32.400000000000006
32.800000000000004
32.0
32.400000000000006
32.800000000000004
32.400000000000006
32.400000000000006
32.400000000000006
32.0
32.400000000000006
32.800000000000004
32.400000000000006
32.400000000000006
32.400000000000006
32.400000000000006
32.0
32.400000000000006
32.800000000000004
32.0
32.0
32.400000000000006
32.800000000000004
32.400000000000006
32.400000000000006
32.800000000000004
32.0
32.400000000000006
32.400000000000006
32.400000000000006
32.800000000000004
32.800000000000004
32.0
32.400000000000006
32.400000000000006
32.0
32.400000000000006
32.400000000000006
32.800000000000004
32.0
32.0
32.400000000000006
32.400000000000006
32.0
32.400000000000006
32.0
32.400000000000006
32.400000000000006
32.0
32.400000000000006
32.800000000000004
32.400000000000006
32.400000000000006
32.400000000000006
32.400000000000006
32.0
32.400000000000006
32.800000000000004
32.400000000000006
32.0
32.400000000000006
32.400000000000006
32.400000000000006
32.400000000000006
32.400000000000006
32.400000000000006
32.400000000000006
32.0
32.0
32.400000000000006
32.800000000000004
32.0
32.0
32.400000000000006
32.0
32.0
32.400000000000006
32.800000000000004
32.0
32.400000000000006
32.0
32.400000000000006
32.400000000000006
32.400000000000006
32.400000000000006
32.400000000000006
32.400000000000006
32.0
32.400000000000006
32.400000000000006
32.0
32.0
32.400000000000006
32.0
32.400000000000006
32.400000000000006
32.400000000000006
32.0
32.400000000000006
32.400000000000006
32.400000000000006
32.400000000000006
32.800000000000004
34.0
34.4
34.8
34.8
35.2
36.0
36.4
36.4
36.4
36.800000000000004
36.800000000000004
37.199999999999996
37.599999999999994
38.4
38.4
38.8
38.8
39.2
39.6
40.0
40.4
40.8
41.2
41.2
42.0
42.800000000000004
43.2
43.6
44.0
44.39999999999999
44.39999999999999
44.800000000000004
45.199999999999996
45.60000000000001
46.0
46.0
46.0
46.8
46.8
46.0
47.199999999999996
46.0
48.0
46.8
47.199999999999996
48.0
46.400000000000006
46.400000000000006
48.4
49.2
47.199999999999996
44.0
41.2
38.4
34.8
32.400000000000006
30.0
27.599999999999998
24.8
23.2
35.6
44.39999999999999
47.599999999999994
47.599999999999994
45.199999999999996
46.0
48.0
46.8
46.400000000000006
48.0
46.8
47.199999999999996
47.199999999999996
46.8
47.199999999999996
46.400000000000006
47.199999999999996
46.8
46.8
46.8
46.400000000000006
46.8
46.0
46.400000000000006
46.8
46.0
45.199999999999996
46.0
45.60000000000001
45.199999999999996
44.800000000000004
45.199999999999996
45.199999999999996
45.199999999999996
44.800000000000004
44.39999999999999
44.0
43.6
43.6
43.2
43.6
43.2
43.2
43.2
42.800000000000004
42.800000000000004
42.400000000000006
42.800000000000004
42.400000000000006
42.0
41.6
41.6
41.6
41.6
41.6
41.2
40.8
41.2
40.8
40.8
40.8
40.8
40.8
40.8
40.8
40.0
40.0
40.0
40.0
39.6
40.0
39.2
39.2
39.6
39.2
39.6
39.2
39.2
38.8
38.8
38.8
38.8
38.8
38.8
38.8
38.8
38.8
38.8
38.4
38.0
38.4
38.0
38.4
38.0
38.0
38.0
38.0
38.0
38.0
37.599999999999994
37.199999999999996
37.599999999999994
37.599999999999994
37.199999999999996
37.199999999999996
37.599999999999994
38.0
37.199999999999996
37.199999999999996
37.199999999999996
37.199999999999996
36.800000000000004
37.199999999999996
37.199999999999996
37.199999999999996
37.199999999999996
37.199999999999996
37.199999999999996
36.800000000000004
36.800000000000004
36.800000000000004
36.800000000000004
36.800000000000004
36.4
36.800000000000004
36.800000000000004
36.800000000000004
36.4
36.4
36.4
36.4
36.0
36.4
36.800000000000004
36.4
36.4
36.0
36.0
36.0
36.0
36.0
36.0
36.4
36.0
36.4
36.0
35.6
36.0
36.0
36.0
36.0
36.0
36.0
36.0
35.6
36.0
35.6
35.6
35.6
36.0
35.6
36.0
35.2
35.2
35.2
35.6
35.2
35.6
36.0
35.6
35.6
35.6
35.6
35.6
35.2
35.6
35.6
35.2
35.2
35.2
35.2
35.2
35.2
35.2
35.6
35.6
35.2
35.2
35.2
35.2
35.2
35.2
35.2
35.2
35.2
35.2
35.2
35.2
34.8
35.2
35.2
35.2
35.2
34.8
34.8
35.2
34.8
35.2
34.8
35.2
35.2
34.8
34.8
35.2
34.8
34.8
35.2
35.2
34.8
34.8
34.8
34.8
34.8
34.8
34.8
34.8
34.8
34.8
34.8
34.8
34.8
34.8
35.2
35.2
34.8
34.8
34.8
34.8
34.8
34.8
34.8
34.8
34.8
34.4
34.4
34.8
34.4
34.8
34.8
34.8
34.8
34.4
34.8
34.4
34.4
34.8
34.8
34.8
34.4
34.8
34.8
34.4
34.4
34.8
34.8
34.4
34.4
34.4
34.4
34.4
34.8
34.8
34.8
34.4
34.4
34.8
34.4
34.4
34.8
34.8
34.4
34.4
34.8
34.8
34.0
34.4
34.8
34.8
34.4
34.4
34.4
34.4
34.4
34.8
34.8
34.4
34.4
34.4
34.8
34.0
34.4
34.8
34.4
34.4
34.4
34.4
34.4
34.0
34.4
34.4
34.4
34.4
34.4
34.4
34.4
34.0
34.4
34.4
34.4
34.4
34.4
34.4
34.4
34.4
34.4
34.4
34.4
34.4
34.0
34.0
34.4
34.4
34.4
34.8
34.4
34.4
34.4
34.0
34.4
34.4
34.8
34.4
34.4
34.0
34.4
34.0
34.4
34.4
34.4
34.4
34.4
34.4
34.0
34.4
34.4
-21.200000000000003
-21.200000000000003
-21.200000000000003
-21.200000000000003
-21.200000000000003
-21.200000000000003
-21.200000000000003
-21.200000000000003
-21.200000000000003
-21.200000000000003
-21.200000000000003
-21.200000000000003
-21.200000000000003
-21.200000000000003
-21.200000000000003
-21.200000000000003
-21.200000000000003
-21.200000000000003
-21.200000000000003
-21.200000000000003
-21.200000000000003
-21.200000000000003
-21.200000000000003
-21.200000000000003
-21.200000000000003
-21.200000000000003
-21.200000000000003
-21.200000000000003
-21.200000000000003
-21.200000000000003
-21.200000000000003
-21.200000000000003
-21.200000000000003
-21.200000000000003
-21.200000000000003
-21.200000000000003
-21.200000000000003
-21.200000000000003
-21.200000000000003
-21.200000000000003
-21.200000000000003
-21.200000000000003
-21.200000000000003
-21.200000000000003
-21.200000000000003
-21.200000000000003
-21.200000000000003
-21.200000000000003
-21.200000000000003
-21.200000000000003
-21.200000000000003
-21.200000000000003
-21.200000000000003
-21.200000000000003
-21.200000000000003
-21.200000000000003
-21.200000000000003
-21.200000000000003
-21.200000000000003
-21.200000000000003
-21.200000000000003
-21.200000000000003
-21.200000000000003
-21.200000000000003
-21.200000000000003
-21.200000000000003
-21.200000000000003
-21.200000000000003
-21.200000000000003
