3.4053301811
3.3840258121
3.4113967419
3.4049139023
3.4139416218
3.4091718197
3.4123411179
3.3984632492
3.4123730659
3.4146616459
3.4061303139
3.4094438553
3.4060184956
3.4067707062
3.4191434383
3.4129812717
3.403409481
3.4159903526
3.4162783623
3.4198479652
3.3999521732
3.41903162
3.423545599
3.4070265293
3.4252419472
3.4267308712
3.4256103039
3.4257223606
3.423545599
3.411188364
3.425434351
3.4272270203
3.4362385273
3.4292597771
3.4189035892
3.4315485954
3.4358222485
3.4378869534
3.4306681156
3.433981657
3.4373428822
3.4435696602
3.4412164688
3.4385752678
3.4426729679
3.4248898029
3.4471387863
3.4281072617
3.4466907978
3.4453942776
3.4441297054
3.4346220493
3.4405281544
3.4367346764
3.4470589161
3.4461307526
3.4359662533
3.4546458721
3.4517807961
3.445554018
3.4504361153
3.4449138641
3.4525489807
3.4546458721
3.4535894394
3.4454421997
3.4537656307
3.45408535
3.4592876434
3.4645855427
3.4540698528
3.4635133743
3.442704916
3.4671788216
3.4629852772
3.4653542042
3.4519245625
3.4674031734
3.4716284275
3.4660744667
3.455542326
3.4749259949
3.4743659496
3.4817128181
3.4596879482
3.472589016
3.475710392
3.4749901295
3.4795355797
3.4817605019
3.4763662815
3.4767346382
3.487090826
3.4861946106
3.4905321598
3.487282753
3.4860503674
3.4990634918
3.4940536022
3.49751091
3.4944856167
3.4989197254
3.493717432
3.4959423542
3.4821286201
3.4954299927
3.4978952408
3.4999277592
3.4873790741
3.5075309277
3.5012404919
3.4863386154
3.4910764694
3.5082032681
3.509611845
3.50695467
3.4971749783
3.5051460266
3.4929330349
3.5038175583
3.5044257641
3.4993357658
3.5201442242
3.4965667725
3.5212643147
3.5167665482
3.5121569633
3.5124289989
3.5052423477
3.528563261
3.5226089954
3.5220649242
3.5302600861
3.5274751186
3.5236816406
3.5329494476
3.5400238037
3.5475947857
3.5632491112
3.577862978
3.6111085415
3.6250178814
3.6311326027
3.6853461266
3.7068107128
3.7143816948
3.7480752468
3.7678911686
3.7906360626
3.8288755417
3.8394398689
3.8701879978
3.9033212662
3.9232971668
3.9424891472
3.951612711
3.9749341011
4.0161824226
4.0419850349
4.0638012886
4.1083631516
4.1078352928
4.1653943062
4.1834974289
4.1994557381
4.2120847702
4.2341575623
4.2352938652
4.2700119019
4.3062825203
4.3372392654
4.3537254333
4.3954062462
4.4020328522
4.4087557793
4.4340295792
4.4654502869
4.4767346382
4.4974308014
4.5335254669
4.5889072418
4.592813015
4.6286034584
4.6614165306
4.6695799828
4.6795358658
4.6969189644
4.7366309166
4.4640097618
4.4779028893
4.4957180023
4.5469226837
4.5734615326
3.86200881
3.8309881687
3.836814642
3.8480513096
3.851588726
3.8384795189
3.8643615246
