140.0
149.3467336683417
158.69346733668343
168.04020100502512
177.38693467336682
186.73366834170855
196.08040201005025
205.42713567839195
214.77386934673365
224.12060301507537
233.46733668341707
242.8140703517588
252.1608040201005
261.5075376884422
270.8542713567839
280.2010050251256
289.5477386934673
298.894472361809
308.24120603015075
317.58793969849245
326.93467336683415
336.2814070351759
345.6281407035176
354.9748743718593
364.321608040201
373.6683417085427
383.0150753768844
392.3618090452261
401.7085427135678
411.05527638190955
420.40201005025125
429.74874371859295
439.09547738693465
448.44221105527635
457.78894472361804
467.13567839195974
476.4824120603015
485.8291457286432
495.1758793969849
504.5226130653266
513.8693467336683
523.21608040201
532.5628140703518
541.9095477386934
551.2562814070352
560.6030150753768
569.9497487437186
579.2964824120602
588.643216080402
597.9899497487437
607.3366834170854
616.6834170854271
626.0301507537688
635.3768844221105
644.7236180904522
654.0703517587939
663.4170854271356
672.7638190954773
682.1105527638191
691.4572864321608
700.8040201005025
710.1507537688442
719.4974874371859
728.8442211055276
738.1909547738693
747.537688442211
756.8844221105527
766.2311557788944
775.5778894472361
784.9246231155778
794.2713567839195
803.6180904522613
812.964824120603
822.3115577889447
831.6582914572864
841.0050251256281
850.3517587939698
859.6984924623115
869.0452261306532
878.3919597989949
887.7386934673366
897.0854271356783
906.43216080402
915.7788944723617
925.1256281407035
934.4723618090452
943.8190954773869
953.1658291457286
962.5125628140703
971.859296482412
981.2060301507537
990.5527638190954
999.8994974874371
1009.2462311557788
1018.5929648241205
1027.9396984924622
1037.286432160804
1046.6331658291456
1055.9798994974874
1065.3266331658292
1074.6733668341708
1084.0201005025124
1093.3668341708542
1102.713567839196
1112.0603015075376
1121.4070351758792
1130.753768844221
1140.1005025125628
1149.4472361809044
1158.7939698492462
1168.1407035175878
1177.4874371859296
1186.8341708542712
1196.180904522613
1205.5276381909546
1214.8743718592964
1224.2211055276382
1233.5678391959798
1242.9145728643216
1252.2613065326632
1261.608040201005
1270.9547738693466
1280.3015075376884
1289.64824120603
1298.9949748743718
1308.3417085427134
1317.6884422110552
1327.0351758793968
1336.3819095477386
1345.7286432160804
1355.075376884422
1364.4221105527638
1373.7688442211054
1383.1155778894472
1392.4623115577888
1401.8090452261306
1411.1557788944722
1420.502512562814
1429.8492462311556
1439.1959798994974
1448.542713567839
1457.8894472361808
1467.2361809045226
1476.5829145728642
1485.929648241206
1495.2763819095476
1504.6231155778894
1513.969849246231
1523.3165829145728
1532.6633165829144
1542.0100502512562
1551.3567839195978
1560.7035175879396
1570.0502512562812
1579.396984924623
1588.7437185929648
1598.0904522613064
1607.4371859296482
1616.7839195979898
1626.1306532663316
1635.4773869346732
1644.824120603015
1654.1708542713566
1663.5175879396984
1672.86432160804
1682.2110552763818
1691.5577889447234
1700.9045226130652
1710.251256281407
1719.5979899497486
1728.9447236180904
1738.291457286432
1747.6381909547738
1756.9849246231154
1766.3316582914572
1775.6783919597988
1785.0251256281406
1794.3718592964822
1803.718592964824
1813.0653266331656
1822.4120603015074
1831.7587939698492
1841.1055276381908
1850.4522613065326
1859.7989949748742
1869.145728643216
1878.4924623115576
1887.8391959798994
1897.185929648241
1906.5326633165828
1915.8793969849244
1925.2261306532662
1934.572864321608
1943.9195979899496
1953.2663316582914
1962.613065326633
1971.9597989949748
1981.3065326633164
1990.6532663316582
2000.0
