0.4212044775
0.4224009514
0.4220848382
0.4036494792
0.4043737352
0.414149642
0.3963385522
0.4065826535
0.3904201686
0.4031732976
0.3935854435
0.3867706954
0.4019607902
0.398783505
0.4043977559
0.3990396261
0.40367347
0.4008923471
0.4074589908
0.3971948922
0.39539814
0.405878365
0.3943977356
0.3999279737
0.4033173323
0.398547411
0.3901200593
0.3884073496
0.3827050924
0.3879671693
0.3886114359
0.3922048509
0.3829492033
0.3769747913
0.3758343458
0.3848299384
0.3761744499
0.3816766739
0.3721408546
0.3837094903
0.3766546547
0.383069247
0.3695758283
0.3761384487
0.379367739
0.3724089563
0.3686874807
0.3632853031
0.365322113
0.3668747544
0.3615045846
0.3687795103
0.3662544787
0.3571148515
0.3642296791
0.3581632674
0.3566106558
0.3545778394
0.3512245119
0.3563545644
0.3498039246
0.3501040339
0.3530212045
0.3473829627
0.354521811
0.3457702994
0.3494957983
0.3442056775
0.3448019326
0.3467586935
0.3406882882
0.3490596414
0.3423049152
0.3440335989
0.3394077718
0.3438495398
0.3377310932
0.3378711343
0.341480583
0.3372188807
0.3417286873
0.3385674059
0.3402641118
0.3315446377
0.3359063566
0.3380151987
0.3368307352
0.3364465833
0.3318087161
0.3294277787
0.3294437826
0.3259783983
0.331056416
0.324077636
0.3246738613
0.3252020776
0.3221568763
0.3280031979
0.3276830614
0.3277631104
0.3240296245
0.3266346753
0.3241296709
0.3257423043
0.3249139488
0.3174109757
0.3189836144
0.3183273375
0.3165626228
0.3195037842
0.3216406703
0.3207402825
0.3146498799
0.3164545894
0.3154381812
0.3184433877
0.3170427978
0.3162865043
0.3174149692
0.312857151
0.3159784079
0.3115686476
0.313485384
0.3126890659
0.3126690686
0.3134533763
0.3082433045
0.3133133352
0.3116366565
0.3120728135
0.30852741
0.3112404943
0.3089475632
0.3099039495
0.3066786826
0.3086954653
0.3067387044
0.3081992865
0.3072909117
0.3066266477
0.3063105345
0.3025770187
0.3042457104
0.3030972481
0.3050220013
0.3048499525
0.304189682
0.3000200093
0.3002361059
0.3045898378
0.3019247651
0.301836729
0.3023969531
0.2994717956
0.3016406596
0.300524205
0.300612241
0.3011364341
0.3008363545
0.3006522655
0.3002080917
0.2979151607
0.2989636064
0.2952540815
0.2949539721
0.2985634208
0.2979111671
0.2937655151
0.2951860726
0.2962024808
0.2943537533
0.2946498692
0.2934573889
0.296902746
0.2959063649
0.2927611172
0.2950860262
0.2942857146
0.2932412922
0.2950300276
0.291464597
0.2918687463
0.2901440561
0.2925490141
0.2907363176
0.2923289537
0.2905122042
0.2897559106
0.2923169136
0.2916326523
0.2896718681
0.2884593904
0.2895317972
0.2912564874
0.2889595926
0.2894557714
0.2902160883
0.2899039686
0.29005602
0.2886834741
