-6.4
-6.4
-6.4
-7.199999999999999
-10.4
-7.199999999999999
-6.4
-7.199999999999999
-5.6000000000000005
1.6
13.600000000000001
18.400000000000002
35.2
38.4
36.800000000000004
39.2
39.2
40.0
40.0
37.6
36.800000000000004
40.0
40.0
40.8
38.4
37.6
40.8
40.8
40.8
38.4
40.0
40.8
40.0
34.4
20.0
4.8
-10.4
-4.8
-6.4
-6.4
-12.0
-8.0
-8.0
-7.199999999999999
-8.8
-8.0
-0.8
10.4
24.0
28.799999999999997
39.2
39.2
39.2
39.2
39.2
37.6
36.800000000000004
40.0
40.0
40.8
38.4
38.4
40.0
40.0
40.8
40.0
38.4
40.8
40.8
40.8
39.2
38.4
34.4
19.2
0.8
-8.0
-9.6
-102.4
-102.4
-102.4
-102.4
-102.4
-102.4
-102.4
-102.4
-102.4
-102.4
-102.4
-102.4
-102.4
-102.4
-102.4
-102.4
-102.4
-102.4
-102.4
-102.4
-102.4
-102.4
-102.4
-102.4
-102.4
-102.4
-102.4
-102.4
-102.4
-102.4
-102.4
-102.4
-102.4
-102.4
-102.4
-102.4
-102.4
-102.4
-102.4
-102.4
-102.4
-102.4
-102.4
-102.4
-102.4
-102.4
-102.4
-102.4
-102.4
-102.4
-102.4
-102.4
-102.4
-102.4
-102.4
-102.4
-102.4
-102.4
-102.4
-102.4
-102.4
-102.4
-102.4
-102.4
-102.4
-102.4
-102.4
-102.4
-102.4
-102.4
-102.4
-102.4
-102.4
-102.4
-102.4
-102.4
-102.4
-102.4
-102.4
-102.4
-102.4
-102.4
-102.4
-102.4
-102.4
-102.4
-102.4
-102.4
-102.4
-102.4
-102.4
-102.4
-102.4
-102.4
-102.4
-102.4
-102.4
-102.4
-102.4
-102.4
-102.4
-102.4
-102.4
-102.4
-102.4
-102.4
-102.4
-102.4
-102.4
-102.4
-102.4
-102.4
-102.4
-102.4
-102.4
-102.4
-102.4
-102.4
-102.4
-102.4
-102.4
-102.4
-102.4
-102.4
-102.4
-102.4
-102.4
-102.4
-102.4
-102.4
-102.4
-102.4
-102.4
-102.4
-102.4
-102.4
-102.4
-102.4
-102.4
-102.4
-102.4
-102.4
-102.4
-102.4
-102.4
-102.4
-102.4
-102.4
-102.4
-102.4
-102.4
-102.4
-102.4
-102.4
-102.4
-102.4
-102.4
-102.4
-102.4
-102.4
-102.4
-102.4
-102.4
-102.4
-102.4
-102.4
-102.4
-102.4
-102.4
-102.4
-102.4
-102.4
-102.4
-102.4
-102.4
-102.4
-102.4
-102.4
-102.4
-102.4
-102.4
-102.4
-102.4
-102.4
-102.4
-102.4
-102.4
-102.4
-102.4
-102.4
-102.4
-102.4
-102.4
-102.4
-102.4
-102.4
-102.4
-102.4
-102.4
-102.4
-102.4
-102.4
-102.4
-102.4
-102.4
-102.4
-102.4
-102.4
-102.4
-102.4
-102.4
-102.4
-102.4
-102.4
-102.4
-102.4
-102.4
-102.4
-102.4
-102.4
-102.4
-102.4
-102.4
-102.4
-102.4
-102.4
-102.4
-102.4
-102.4
-102.4
-102.4
-102.4
-102.4
-102.4
-102.4
-102.4
-102.4
-102.4
-102.4
-102.4
-102.4
-102.4
-102.4
-102.4
-102.4
-102.4
-102.4
-102.4
-102.4
-102.4
48.0
48.8
48.0
48.0
49.6
48.0
49.6
47.199999999999996
49.6
48.0
48.0
48.8
48.8
49.6
48.0
49.6
47.199999999999996
49.6
48.0
48.8
48.0
48.8
48.8
48.0
49.6
48.0
49.6
48.0
48.8
48.0
-11.200000000000001
9.6
-1.6
10.4
6.4
9.6
6.4
6.4
6.4
-6.4
8.8
5.6000000000000005
3.2
4.8
-8.0
6.4
3.2
-2.4
4.8
3.2
0.0
4.8
0.0
0.8
2.4
0.0
-0.8
2.4
0.8
-4.8
0.0
-0.8
-9.6
0.0
0.0
-2.4
-4.8
-1.6
-2.4
-3.2
-4.0
-2.4
-4.0
-12.8
-4.8
-4.8
-4.8
-5.6000000000000005
-8.0
-4.8
-4.8
-6.4
-7.199999999999999
-8.0
-7.199999999999999
-7.199999999999999
-8.0
-12.8
-9.6
-8.0
-8.0
-8.8
-9.6
-10.4
-11.200000000000001
-6.4
4.8
19.2
28.000000000000004
37.6
37.6
38.4
38.4
39.2
37.6
36.0
38.4
38.4
39.2
39.2
40.0
37.6
37.6
40.0
40.0
40.0
38.4
36.800000000000004
40.0
40.8
40.8
38.4
38.4
40.8
40.8
40.8
40.0
37.6
40.8
37.6
28.000000000000004
16.8
-16.8
-7.199999999999999
-5.6000000000000005
-5.6000000000000005
-8.0
-8.8
-7.199999999999999
-8.0
-8.0
-8.8
-8.8
-3.2
8.0
21.6
26.400000000000002
40.0
39.2
39.2
39.2
40.0
37.6
37.6
39.2
40.0
40.8
40.0
37.6
40.0
40.0
40.8
39.2
37.6
40.8
40.8
40.8
39.2
38.4
39.2
32.800000000000004
14.399999999999999
-8.8
-7.199999999999999
-7.199999999999999
-5.6000000000000005
-5.6000000000000005
-6.4
-12.0
-8.0
-8.0
-8.0
-7.199999999999999
-0.8
8.0
21.6
24.8
43.2
37.6
36.0
39.2
39.2
39.2
37.6
36.800000000000004
40.8
40.0
40.0
39.2
37.6
39.2
40.0
40.8
41.6
38.4
41.6
40.8
36.800000000000004
26.400000000000002
16.8
-14.399999999999999
-6.4
-6.4
-7.199999999999999
-14.399999999999999
-8.0
-7.199999999999999
-7.199999999999999
-8.0
-7.199999999999999
-2.4
8.0
21.6
25.6
40.8
36.0
39.2
39.2
40.0
37.6
37.6
39.2
40.0
40.8
40.8
38.4
40.0
40.8
40.8
40.8
38.4
40.8
40.8
41.6
39.2
39.2
36.800000000000004
26.400000000000002
12.0
-11.200000000000001
-10.4
-6.4
-5.6000000000000005
-6.4
-6.4
-8.8
-8.8
-7.199999999999999
-7.199999999999999
-5.6000000000000005
1.6
12.8
21.6
27.200000000000003
43.2
37.6
36.800000000000004
40.0
39.2
39.2
38.4
36.800000000000004
40.8
40.0
40.8
38.4
37.6
40.8
40.0
41.6
40.8
38.4
40.8
40.8
38.4
31.200000000000003
17.6
0.8
-8.0
-5.6000000000000005
-6.4
-11.200000000000001
-7.199999999999999
-8.0
-8.0
-8.0
-8.8
-10.4
-5.6000000000000005
2.4
16.0
22.400000000000002
42.400000000000006
39.2
39.2
39.2
37.6
36.800000000000004
39.2
39.2
40.0
40.0
37.6
37.6
40.0
40.8
40.8
38.4
37.6
40.8
40.8
40.8
38.4
40.8
40.8
34.4
18.400000000000002
-0.8
-9.6
-5.6000000000000005
-5.6000000000000005
-6.4
-6.4
-9.6
-7.199999999999999
-8.0
-8.0
-4.8
1.6
13.600000000000001
25.6
29.6
40.8
36.800000000000004
39.2
39.2
40.0
38.4
37.6
39.2
40.0
40.0
40.0
37.6
40.0
40.0
40.8
40.8
39.2
40.8
40.8
38.4
30.4
16.8
0.8
-8.8
-6.4
-6.4
-12.8
-8.0
-7.199999999999999
-7.199999999999999
-8.0
-8.0
-6.4
0.8
13.600000000000001
16.8
35.2
37.6
40.0
39.2
40.0
37.6
36.800000000000004
39.2
40.0
40.0
40.8
38.4
37.6
40.0
40.8
40.8
38.4
38.4
40.8
41.6
40.0
39.2
39.2
32.800000000000004
15.2
-8.0
-6.4
-7.199999999999999
-5.6000000000000005
-6.4
-6.4
-7.199999999999999
-8.8
-7.199999999999999
-7.199999999999999
-7.199999999999999
-4.0
4.8
16.8
18.400000000000002
32.0
40.0
36.800000000000004
40.0
40.0
39.2
39.2
36.800000000000004
39.2
40.0
40.8
40.0
38.4
40.8
40.0
41.6
40.8
38.4
40.8
40.8
40.8
38.4
33.6
24.8
12.0
-12.8
-5.6000000000000005
-15.2
-7.199999999999999
-7.199999999999999
-8.0
-7.199999999999999
-8.0
-10.4
-8.0
-5.6000000000000005
1.6
13.600000000000001
16.8
36.800000000000004
40.8
40.0
37.6
36.800000000000004
39.2
40.0
40.0
40.0
37.6
36.800000000000004
40.0
40.0
40.0
38.4
37.6
40.8
40.8
40.8
38.4
40.0
40.8
36.800000000000004
24.8
10.4
-16.8
-6.4
-5.6000000000000005
-5.6000000000000005
-6.4
-10.4
-7.199999999999999
-8.0
-8.0
-5.6000000000000005
1.6
12.8
26.400000000000002
29.6
41.6
36.800000000000004
40.0
39.2
40.0
39.2
37.6
36.800000000000004
40.0
40.8
40.8
37.6
40.0
40.0
40.8
41.6
39.2
38.4
40.8
37.6
28.000000000000004
9.6
-12.8
-7.199999999999999
-6.4
-6.4
-8.8
-9.6
-7.199999999999999
-7.199999999999999
-8.0
-8.0
-4.8
3.2
16.8
20.8
35.2
37.6
39.2
39.2
40.0
39.2
36.800000000000004
39.2
39.2
40.0
40.8
39.2
37.6
40.8
40.8
40.8
39.2
37.6
40.8
40.8
41.6
39.2
40.8
41.6
41.6
41.6
38.4
41.6
41.6
41.6
40.0
39.2
42.400000000000006
42.400000000000006
40.0
41.6
41.6
42.400000000000006
41.6
40.0
42.400000000000006
43.2
41.6
40.0
42.400000000000006
43.2
41.6
42.400000000000006
43.2
44.0
41.6
43.2
43.2
43.2
41.6
43.2
44.0
42.400000000000006
42.400000000000006
44.0
44.800000000000004
41.6
44.0
44.0
42.400000000000006
42.400000000000006
44.0
44.0
42.400000000000006
44.0
44.800000000000004
42.400000000000006
44.0
44.800000000000004
43.2
41.6
44.800000000000004
44.800000000000004
42.400000000000006
44.0
45.60000000000001
43.2
44.800000000000004
44.800000000000004
43.2
44.0
45.60000000000001
43.2
44.800000000000004
45.60000000000001
45.60000000000001
44.0
45.60000000000001
44.800000000000004
42.400000000000006
45.60000000000001
45.60000000000001
44.0
45.60000000000001
46.4
43.2
46.4
45.60000000000001
43.2
45.60000000000001
44.800000000000004
44.800000000000004
45.60000000000001
46.4
43.2
46.4
45.60000000000001
44.800000000000004
46.4
44.800000000000004
44.800000000000004
46.4
44.800000000000004
45.60000000000001
46.4
44.800000000000004
46.4
46.4
44.800000000000004
46.4
47.199999999999996
44.0
46.4
45.60000000000001
44.800000000000004
47.199999999999996
45.60000000000001
45.60000000000001
47.199999999999996
44.800000000000004
46.4
47.199999999999996
44.0
46.4
46.4
45.60000000000001
47.199999999999996
45.60000000000001
46.4
47.199999999999996
44.800000000000004
46.4
47.199999999999996
45.60000000000001
47.199999999999996
46.4
46.4
48.0
44.800000000000004
47.199999999999996
46.4
45.60000000000001
48.0
46.4
46.4
47.199999999999996
45.60000000000001
47.199999999999996
47.199999999999996
46.4
48.0
45.60000000000001
47.199999999999996
48.0
45.60000000000001
47.199999999999996
46.4
46.4
48.0
45.60000000000001
48.0
46.4
47.199999999999996
48.0
45.60000000000001
47.199999999999996
47.199999999999996
46.4
48.0
45.60000000000001
47.199999999999996
47.199999999999996
46.4
48.0
46.4
47.199999999999996
47.199999999999996
46.4
48.0
45.60000000000001
47.199999999999996
48.0
46.4
48.0
46.4
47.199999999999996
47.199999999999996
47.199999999999996
48.0
46.4
48.0
48.0
47.199999999999996
48.0
46.4
48.0
48.0
47.199999999999996
48.8
46.4
48.0
47.199999999999996
47.199999999999996
48.8
46.4
48.0
47.199999999999996
48.0
48.0
46.4
48.0
47.199999999999996
48.0
48.0
47.199999999999996
48.8
46.4
48.0
48.0
47.199999999999996
48.0
46.4
48.0
47.199999999999996
47.199999999999996
48.8
47.199999999999996
48.8
46.4
48.0
47.199999999999996
48.0
48.8
46.4
48.8
47.199999999999996
48.0
48.0
47.199999999999996
48.0
46.4
48.8
47.199999999999996
48.0
48.0
47.199999999999996
48.8
46.4
48.0
47.199999999999996
48.0
48.8
46.4
48.8
47.199999999999996
48.0
48.0
47.199999999999996
48.8
47.199999999999996
48.8
47.199999999999996
48.0
48.0
47.199999999999996
49.6
47.199999999999996
48.8
47.199999999999996
48.8
48.8
48.0
48.8
47.199999999999996
48.8
48.0
48.0
48.0
48.0
49.6
47.199999999999996
48.8
47.199999999999996
48.8
48.0
48.0
48.8
47.199999999999996
48.8
48.0
48.8
48.0
48.0
48.8
47.199999999999996
48.8
47.199999999999996
48.8
48.0
48.0
48.0
47.199999999999996
48.8
47.199999999999996
48.0
48.0
48.0
48.8
47.199999999999996
48.8
47.199999999999996
49.6
47.199999999999996
48.8
48.0
48.0
49.6
48.0
48.8
47.199999999999996
48.8
48.0
48.0
49.6
48.0
49.6
47.199999999999996
48.8
47.199999999999996
48.0
48.8
48.0
48.8
47.199999999999996
48.8
47.199999999999996
48.8
48.0
48.0
49.6
48.0
48.8
47.199999999999996
48.8
48.0
48.0
48.0
48.0
48.8
47.199999999999996
49.6
47.199999999999996
48.8
48.0
48.8
48.0
48.0
49.6
47.199999999999996
48.8
48.0
48.8
48.0
48.0
48.8
48.0
49.6
47.199999999999996
49.6
47.199999999999996
48.8
48.0
48.0
48.0
48.0
49.6
47.199999999999996
48.8
48.0
48.8
48.0
48.0
48.8
48.0
49.6
47.199999999999996
48.8
48.0
48.8
48.0
48.0
49.6
48.0
49.6
47.199999999999996
48.8
47.199999999999996
48.8
48.8
48.0
48.8
48.0
49.6
48.0
48.8
48.0
48.8
48.8
48.0
48.8
48.0
49.6
46.4
48.8
47.199999999999996
48.8
48.0
48.0
49.6
48.0
49.6
47.199999999999996
49.6
48.0
48.8
48.0
48.8
48.8
48.0
49.6
47.199999999999996
49.6
48.0
49.6
48.0
48.8
48.8
48.0
49.6
48.0
49.6
47.199999999999996
48.8
48.0
48.8
48.8
48.0
49.6
48.0
48.8
47.199999999999996
49.6
48.0
48.8
48.0
48.0
49.6
48.0
49.6
47.199999999999996
49.6
48.0
48.8
48.0
48.0
49.6
48.0
49.6
47.199999999999996
49.6
47.199999999999996
48.8
48.0
48.8
48.8
48.0
49.6
47.199999999999996
49.6
48.0
48.8
48.0
48.8
-5.6000000000000005
4.8
10.4
-0.8
10.4
6.4
6.4
6.4
0.0
8.8
4.8
6.4
5.6000000000000005
-8.0
7.199999999999999
3.2
3.2
4.8
2.4
2.4
4.0
-1.6
2.4
2.4
-12.0
1.6
1.6
-0.8
0.8
1.6
0.0
-4.8
0.8
-0.8
-8.0
-1.6
-1.6
-3.2
-7.199999999999999
-1.6
-1.6
-4.0
-7.199999999999999
-4.0
-4.8
-5.6000000000000005
-8.0
-4.8
-4.8
-6.4
-7.199999999999999
-7.199999999999999
-6.4
-6.4
-7.199999999999999
-7.199999999999999
-9.6
-7.199999999999999
-7.199999999999999
-8.0
-10.4
-10.4
-9.6
-9.6
-9.6
-5.6000000000000005
4.0
19.2
30.4
40.8
38.4
37.6
36.800000000000004
35.2
39.2
38.4
39.2
39.2
37.6
36.800000000000004
39.2
39.2
40.0
40.0
38.4
36.800000000000004
40.0
40.0
40.0
38.4
37.6
40.8
40.8
40.8
39.2
40.0
40.0
40.8
37.6
27.200000000000003
10.4
-12.0
-5.6000000000000005
-5.6000000000000005
-6.4
-15.2
-7.199999999999999
-7.199999999999999
-8.0
-8.0
-9.6
-4.8
4.8
17.6
21.6
41.6
39.2
39.2
39.2
39.2
37.6
36.800000000000004
40.0
40.0
40.8
39.2
37.6
40.0
40.0
40.8
40.8
38.4
40.8
40.8
40.8
40.0
37.6
38.4
29.6
20.0
-14.399999999999999
-13.600000000000001
-7.199999999999999
-6.4
-6.4
-7.199999999999999
-13.600000000000001
-8.0
-7.199999999999999
-7.199999999999999
-6.4
-2.4
6.4
19.2
23.2
42.400000000000006
37.6
39.2
38.4
39.2
40.0
39.2
37.6
40.8
40.0
40.0
40.0
37.6
37.6
40.8
40.8
40.0
38.4
40.8
40.8
41.6
40.0
36.0
31.200000000000003
14.399999999999999
-8.0
-6.4
-6.4
-8.0
-5.6000000000000005
-5.6000000000000005
-7.199999999999999
-12.8
-8.8
-8.0
-8.0
-7.199999999999999
0.0
12.0
19.2
32.800000000000004
41.6
37.6
36.0
40.0
39.2
40.0
38.4
37.6
40.0
40.0
40.0
40.8
38.4
37.6
40.0
40.8
41.6
38.4
38.4
40.8
41.6
37.6
32.800000000000004
20.8
6.4
-10.4
-6.4
-6.4
-9.6
-7.199999999999999
-6.4
-7.199999999999999
-7.199999999999999
-12.0
-8.8
-4.0
6.4
18.400000000000002
25.6
42.400000000000006
40.0
40.0
40.0
36.800000000000004
39.2
39.2
40.0
40.0
38.4
37.6
40.8
40.8
40.8
38.4
40.0
40.0
41.6
41.6
40.0
39.2
36.800000000000004
24.8
10.4
-11.200000000000001
-11.200000000000001
-6.4
-7.199999999999999
-7.199999999999999
-8.8
-9.6
-8.0
-7.199999999999999
-5.6000000000000005
0.0
10.4
20.0
28.799999999999997
43.2
37.6
36.800000000000004
39.2
40.0
40.0
40.0
36.800000000000004
39.2
39.2
40.8
40.8
39.2
38.4
40.8
40.8
40.8
38.4
37.6
40.8
38.4
28.799999999999997
11.200000000000001
-9.6
-7.199999999999999
-5.6000000000000005
-6.4
-7.199999999999999
-9.6
-7.199999999999999
-7.199999999999999
-7.199999999999999
-8.0
-8.0
-3.2
5.6000000000000005
19.2
23.2
41.6
38.4
39.2
40.0
40.0
38.4
37.6
40.0
40.0
40.0
38.4
36.800000000000004
40.8
40.0
40.8
39.2
38.4
40.8
40.8
41.6
40.0
37.6
38.4
31.200000000000003
13.600000000000001
-8.0
-8.8
-7.199999999999999
-5.6000000000000005
-6.4
-8.0
-10.4
-8.8
-8.0
-8.8
-8.0
-2.4
8.0
21.6
25.6
43.2
37.6
36.800000000000004
39.2
40.0
40.0
38.4
37.6
40.0
40.0
40.8
40.8
37.6
40.8
40.0
40.8
39.2
38.4
41.6
41.6
40.0
36.0
32.0
16.8
-2.4
-8.0
-7.199999999999999
-10.4
-7.199999999999999
-6.4
-6.4
-8.0
-10.4
-8.8
-8.0
-2.4
7.199999999999999
21.6
28.799999999999997
42.400000000000006
40.0
40.0
38.4
36.0
39.2
40.0
40.0
38.4
37.6
40.0
40.8
40.8
39.2
37.6
40.0
40.8
41.6
40.8
39.2
40.0
34.4
18.400000000000002
1.6
-7.199999999999999
-8.0
-6.4
-7.199999999999999
-7.199999999999999
-13.600000000000001
-8.8
-7.199999999999999
-7.199999999999999
-4.0
3.2
15.2
18.400000000000002
34.4
40.8
37.6
36.800000000000004
40.0
40.0
40.0
38.4
36.800000000000004
39.2
40.0
40.8
40.8
38.4
40.8
41.6
40.8
40.0
38.4
40.8
40.0
36.800000000000004
25.6
13.600000000000001
-16.0
-5.6000000000000005
-5.6000000000000005
-7.199999999999999
-14.399999999999999
-8.0
-6.4
-7.199999999999999
-7.199999999999999
-7.199999999999999
-7.199999999999999
-1.6
9.6
23.2
28.799999999999997
40.8
38.4
39.2
40.0
39.2
37.6
40.0
40.0
40.0
40.0
37.6
37.6
40.0
40.8
40.8
38.4
40.0
40.8
41.6
41.6
38.4
39.2
36.800000000000004
26.400000000000002
15.2
-15.2
-9.6
-6.4
-5.6000000000000005
-6.4
-14.399999999999999
-8.0
-8.0
-8.0
-8.0
-6.4
16.8
43.2
40.0
39.2
37.6
36.0
40.0
40.0
40.8
38.4
37.6
40.0
40.0
40.8
40.8
38.4
40.8
40.8
40.8
39.2
38.4
41.6
41.6
41.6
39.2
40.8
41.6
42.400000000000006
40.8
40.0
41.6
42.400000000000006
41.6
39.2
42.400000000000006
42.400000000000006
41.6
40.0
42.400000000000006
43.2
42.400000000000006
40.0
42.400000000000006
43.2
41.6
40.0
42.400000000000006
43.2
41.6
42.400000000000006
43.2
44.0
42.400000000000006
43.2
44.0
43.2
40.8
43.2
44.0
42.400000000000006
43.2
44.0
44.800000000000004
41.6
43.2
44.800000000000004
42.400000000000006
43.2
44.800000000000004
44.0
43.2
44.0
44.800000000000004
42.400000000000006
44.800000000000004
44.800000000000004
42.400000000000006
44.0
44.800000000000004
43.2
44.0
44.800000000000004
45.60000000000001
41.6
44.800000000000004
45.60000000000001
42.400000000000006
44.800000000000004
45.60000000000001
42.400000000000006
44.800000000000004
45.60000000000001
43.2
45.60000000000001
45.60000000000001
43.2
44.800000000000004
46.4
44.0
44.800000000000004
46.4
44.800000000000004
45.60000000000001
45.60000000000001
44.0
45.60000000000001
46.4
44.0
45.60000000000001
46.4
44.0
45.60000000000001
46.4
44.0
45.60000000000001
46.4
44.800000000000004
46.4
46.4
44.800000000000004
46.4
45.60000000000001
44.800000000000004
46.4
44.800000000000004
45.60000000000001
46.4
44.800000000000004
46.4
47.199999999999996
44.0
46.4
46.4
45.60000000000001
47.199999999999996
46.4
45.60000000000001
47.199999999999996
44.800000000000004
46.4
47.199999999999996
44.800000000000004
47.199999999999996
47.199999999999996
46.4
47.199999999999996
45.60000000000001
46.4
48.0
45.60000000000001
47.199999999999996
46.4
46.4
47.199999999999996
45.60000000000001
46.4
48.0
45.60000000000001
46.4
46.4
46.4
48.0
45.60000000000001
46.4
46.4
46.4
48.0
46.4
47.199999999999996
48.0
45.60000000000001
47.199999999999996
46.4
46.4
48.0
45.60000000000001
47.199999999999996
48.0
46.4
48.0
45.60000000000001
47.199999999999996
48.0
46.4
47.199999999999996
45.60000000000001
47.199999999999996
47.199999999999996
46.4
47.199999999999996
46.4
47.199999999999996
48.0
46.4
48.0
46.4
47.199999999999996
48.8
46.4
48.0
46.4
47.199999999999996
48.0
46.4
48.0
46.4
48.0
48.0
46.4
48.0
46.4
48.0
48.0
47.199999999999996
48.0
45.60000000000001
48.0
47.199999999999996
47.199999999999996
48.0
46.4
48.8
47.199999999999996
47.199999999999996
48.0
46.4
48.8
46.4
48.0
47.199999999999996
47.199999999999996
48.8
46.4
48.0
47.199999999999996
48.0
48.8
46.4
48.0
46.4
48.0
48.8
47.199999999999996
48.0
46.4
48.8
47.199999999999996
47.199999999999996
48.8
47.199999999999996
48.8
46.4
48.0
48.0
47.199999999999996
48.8
47.199999999999996
48.0
47.199999999999996
48.0
48.0
47.199999999999996
48.8
47.199999999999996
48.8
48.0
48.0
48.0
47.199999999999996
48.8
46.4
48.8
47.199999999999996
48.0
48.0
47.199999999999996
48.8
47.199999999999996
48.8
48.0
48.0
48.0
47.199999999999996
49.6
47.199999999999996
48.0
47.199999999999996
48.0
48.0
47.199999999999996
48.8
47.199999999999996
48.8
48.0
48.0
48.0
47.199999999999996
48.8
47.199999999999996
48.8
47.199999999999996
48.0
48.0
47.199999999999996
49.6
47.199999999999996
48.8
47.199999999999996
48.8
48.0
48.0
49.6
47.199999999999996
48.8
47.199999999999996
48.8
48.0
48.0
48.8
48.0
48.8
47.199999999999996
48.8
47.199999999999996
48.0
49.6
47.199999999999996
48.8
46.4
49.6
47.199999999999996
48.8
48.0
48.0
49.6
47.199999999999996
48.8
47.199999999999996
48.8
48.0
48.0
48.0
48.0
49.6
47.199999999999996
48.8
47.199999999999996
48.8
48.0
48.0
48.8
47.199999999999996
49.6
47.199999999999996
48.8
48.0
48.0
48.0
47.199999999999996
49.6
47.199999999999996
49.6
47.199999999999996
48.8
48.0
48.0
49.6
48.0
48.8
46.4
49.6
47.199999999999996
48.0
48.0
48.8
49.6
48.0
49.6
47.199999999999996
49.6
48.0
48.8
48.0
48.0
48.8
47.199999999999996
49.6
47.199999999999996
49.6
48.0
48.0
48.0
48.0
49.6
48.0
48.8
47.199999999999996
49.6
47.199999999999996
48.8
48.0
48.0
49.6
48.0
49.6
47.199999999999996
48.8
48.0
48.8
48.0
48.0
48.8
48.0
49.6
47.199999999999996
49.6
47.199999999999996
48.8
48.0
48.0
49.6
48.0
49.6
47.199999999999996
49.6
47.199999999999996
48.8
48.8
48.8
49.6
48.0
49.6
47.199999999999996
49.6
48.0
48.8
48.0
48.0
48.8
48.0
49.6
48.0
49.6
48.0
48.8
48.0
48.8
48.8
48.0
49.6
47.199999999999996
49.6
47.199999999999996
48.8
48.0
48.8
48.8
48.0
48.8
47.199999999999996
49.6
47.199999999999996
49.6
48.0
48.8
48.0
48.0
48.8
48.0
49.6
48.0
49.6
47.199999999999996
48.8
48.0
48.0
48.0
48.0
49.6
48.0
49.6
48.0
49.6
48.0
48.8
48.0
48.0
49.6
48.0
49.6
47.199999999999996
49.6
47.199999999999996
48.8
48.0
48.8
49.6
48.0
-9.6
-6.4
11.200000000000001
6.4
8.0
7.199999999999999
0.0
9.6
-8.8
7.199999999999999
4.8
2.4
8.0
3.2
4.8
4.0
-3.2
5.6000000000000005
2.4
-0.8
4.0
2.4
0.0
3.2
-0.8
0.0
1.6
0.0
-3.2
2.4
0.0
-12.0
0.0
-0.8
-4.0
-2.4
-0.8
-3.2
-12.8
-2.4
-2.4
-3.2
-12.8
-4.0
-3.2
-4.8
-11.200000000000001
-5.6000000000000005
-5.6000000000000005
-6.4
-6.4
-10.4
-6.4
-5.6000000000000005
-6.4
-7.199999999999999
-12.0
-8.0
-8.8
-8.8
-9.6
-15.2
-10.4
-8.8
-8.8
-4.8
4.0
17.6
27.200000000000003
40.8
38.4
38.4
36.800000000000004
36.0
36.0
39.2
39.2
39.2
37.6
36.0
39.2
39.2
39.2
40.0
38.4
37.6
40.8
40.0
40.0
40.0
36.800000000000004
40.8
40.0
40.8
39.2
38.4
40.8
41.6
38.4
30.4
14.399999999999999
-4.8
-6.4
-5.6000000000000005
-6.4
-8.0
-8.0
-6.4
-7.199999999999999
-8.0
-12.8
-9.6
-4.8
3.2
16.0
19.2
40.8
40.0
39.2
39.2
38.4
36.800000000000004
39.2
39.2
40.0
39.2
38.4
40.0
40.0
40.0
40.8
38.4
37.6
40.8
40.8
40.8
39.2
38.4
39.2
32.0
12.8
-8.0
-8.8
