3.1216006279
3.1219527721
3.1215045452
3.1204481125
3.1206402779
3.1198720932
3.1188154221
3.118335247
3.111692667
3.0941176414
3.0435054302
3.0293717384
3.0471389294
3.0813605785
3.083009243
3.0767185688
3.0875389576
3.0900681019
3.0977830887
3.0996398926
3.1067786217
3.1030812263
3.1062664986
3.1127011776
3.1110684872
3.1159343719
3.1084914207
3.1016886234
3.0886595249
3.099832058
3.1179511547
3.1186554432
3.1192638874
3.1191036701
3.1182394028
3.1155502796
3.1187837124
3.1172788143
3.1165425777
3.115486145
3.1180150509
3.1161425114
3.1102199554
3.0841777325
3.0762546062
3.0530772209
3.0411524773
3.0090596676
3.0053300858
2.9979510307
2.9780552387
2.9692838192
3.0000960827
2.9587836266
2.9725329876
3.0238497257
3.0398719311
3.0335335732
3.0206003189
3.0027530193
3.0186474323
3.031036377
3.1188154221
3.1182713509
3.1187837124
3.1175670624
3.1137895584
3.1150379181
3.1175348759
3.1154541969
3.1174068451
3.1171507835
3.1195197105
3.1201281548
3.1213765144
3.1210563183
3.1198720932
3.120000124
3.1202559471
3.1191837788
3.1192638874
3.1127650738
3.1107802391
3.112156868
3.1086354256
3.1058983803
3.1109404564
3.1126048565
3.119743824
3.1151340008
3.119551897
3.1170229912
3.118111372
3.1193919182
3.119071722
3.1210885048
3.1222410202
3.122369051
3.1212804317
3.1216967106
3.1216006279
3.1210563183
3.1215364933
3.1227850914
3.1227531433
3.1235053539
3.1228170395
3.1198399067
3.1198079586
3.1176950932
3.1149737835
3.1148939133
3.1165745258
3.1178870201
3.1160624027
3.1164786816
3.11718297
3.1180472374
3.1162543297
3.1163184643
3.1124289036
3.1060743332
3.1083474159
3.1050820351
3.1086034775
3.1089556217
3.1163825989
3.1169588566
3.1189115047
3.1174390316
3.1203839779
3.1200640202
3.1211204529
3.1214725971
3.1669306755
3.1734933853
3.2280111313
3.2064666748
3.2754862309
3.2646176815
3.3503963947
3.2860343456
3.3584313393
3.3509082794
3.3590395451
3.4432971478
3.3891637325
3.428507328
3.5193595886
3.4532372952
3.5471789837
3.5928771496
3.5259544849
3.5325009823
3.5878992081
3.6829771996
3.7100601196
3.627931118
3.7383754253
3.7589275837
3.7705323696
3.7147660255
3.8088035583
3.8388476372
3.8345096111
3.8179113865
3.9373188019
3.9738936424
3.9952301979
3.9937736988
3.968963623
3.9373989105
4.0791678429
3.9966547489
4.101000309
4.060968399
4.1030011177
4.1129574776
4.1504764557
4.2251620293
4.2564868927
4.1739416122
4.1730294228
4.1987996101
4.3469705582
4.2802882195
4.267771244
4.2993679047
4.3258581161
4.3730130196
4.3596158028
4.4521808624
3.360224247
3.3454341888
3.3442497253
3.344345808
3.3483793736
3.3521568775
3.3527970314
3.3554544449
