-25.6
-25.6
-25.6
-25.6
-25.6
-25.6
-25.6
-25.6
-25.6
-25.6
-25.6
-25.6
-25.6
-25.6
-25.6
-25.6
-25.6
-25.6
-25.6
-25.6
-25.6
-25.6
-25.6
-25.6
-25.6
-25.6
-25.6
-25.6
-25.6
-25.6
-25.6
-25.6
-25.6
-25.6
-25.6
-25.6
-25.6
-25.6
-25.6
-25.6
-25.6
-25.6
-25.6
-25.6
-25.6
-25.6
-25.6
-25.6
-25.6
-25.6
-25.6
-25.6
-25.6
-25.6
-25.6
-25.6
-25.6
-25.6
-25.6
-25.6
-25.6
-25.6
-25.6
-25.6
-25.6
-25.6
-25.6
-25.6
-25.6
-25.6
-25.6
-25.6
-25.6
-25.6
-25.6
-25.6
-25.6
-25.6
-25.6
-25.6
-25.6
-25.6
-25.6
-25.6
-25.6
-25.6
-25.6
-25.6
-25.6
-25.6
-25.6
-25.6
-25.6
-25.6
-25.6
-25.6
-25.6
-25.6
-25.6
-25.6
-25.6
-25.6
-25.6
-25.6
-25.6
-25.6
-25.6
-25.6
-25.6
-25.6
-25.6
-25.6
-25.6
-25.6
-25.6
-25.6
-25.6
-25.6
-25.6
-25.6
-25.6
-25.6
-25.6
-25.6
-25.6
-25.6
-25.6
-25.6
-25.6
-25.6
-25.6
-25.6
-25.6
-25.6
-25.6
-25.6
-25.6
-25.6
-25.6
-25.6
-25.6
-25.6
-1.0
-1.2
-1.2
-0.4
-0.2
-0.2
0.0
0.0
0.6
-0.2
-1.0
-1.2
-0.8
0.0
0.0
-0.2
0.0
0.2
0.2
-0.6
13.8
14.000000000000002
14.6
14.8
15.0
15.4
15.0
15.4
15.2
14.2
14.000000000000002
14.399999999999999
15.2
15.2
15.2
15.2
15.4
15.4
14.6
14.000000000000002
14.2
15.0
14.399999999999999
14.399999999999999
14.8
13.600000000000001
13.600000000000001
12.8
11.400000000000002
11.400000000000002
11.0
11.6
11.0
10.4
10.4
9.0
9.0
9.0
7.6
7.199999999999999
6.800000000000001
6.4
6.4
7.000000000000001
5.6000000000000005
5.0
4.8
4.2
4.0
3.8
2.6
1.6
1.0
0.2
0.2
-0.4
-0.6
-0.6
-1.4000000000000001
-2.0
-2.2
-2.0
-2.0
-3.5999999999999996
-4.4
-4.8
-4.2
-4.4
-6.2
-6.6000000000000005
-5.2
-6.6000000000000005
-7.4
-5.2
-6.6000000000000005
-7.000000000000001
-5.0
-6.2
-6.2
-4.0
-6.6000000000000005
-6.4
-4.4
-6.2
-6.0
-4.2
-6.0
-6.2
-4.4
-5.0
-5.6000000000000005
-4.8
-4.8
-6.2
-5.8
-3.8
-5.6000000000000005
-5.6000000000000005
-4.4
-4.2
-5.2
-4.6000000000000005
-3.0
-4.2
-4.6000000000000005
-4.6000000000000005
-3.2
-3.4000000000000004
-4.6000000000000005
-4.8
-3.2
-3.0
-3.8
-4.2
-3.8
-3.0
-3.5999999999999996
-4.4
-4.0
-2.8000000000000003
-2.8000000000000003
-3.2
-2.8000000000000003
-3.0
-2.6
-1.7999999999999998
-2.4
-2.8000000000000003
-3.2
-3.0
-1.7999999999999998
-1.6
-2.2
-2.8000000000000003
-3.0
-2.8000000000000003
-1.7999999999999998
-2.0
-1.7999999999999998
-2.4
-2.2
-1.6
-1.2
-1.2
-0.6
-1.2
-1.2
-1.7999999999999998
-1.7999999999999998
-1.4000000000000001
-1.0
-0.6
-0.4
-0.8
-1.0
-1.4000000000000001
-1.2
-1.2
-1.0
-0.4
-0.2
-0.4
0.2
0.6
0.8
0.4
0.4
0.6
0.2
-0.2
-0.6
-0.6
-0.6
-0.2
0.0
0.2
0.8
1.0
0.6
0.8
1.0
1.2
1.0
1.2
1.7999999999999998
1.6
1.4000000000000001
1.0
1.4000000000000001
1.4000000000000001
1.7999999999999998
1.7999999999999998
2.4
2.8000000000000003
2.0
2.2
2.4
2.4
1.7999999999999998
2.2
2.4
2.2
1.7999999999999998
1.4000000000000001
1.4000000000000001
1.6
1.7999999999999998
2.0
2.8000000000000003
2.6
2.4
2.6
3.0
2.6
3.0
3.8
3.8
3.5999999999999996
2.8000000000000003
2.8000000000000003
2.6
2.8000000000000003
3.0
3.5999999999999996
3.4000000000000004
3.5999999999999996
3.4000000000000004
4.2
3.5999999999999996
4.2
4.6000000000000005
4.0
3.4000000000000004
3.0
3.0
3.4000000000000004
3.5999999999999996
4.4
5.2
4.6000000000000005
4.4
4.2
4.2
3.5999999999999996
4.2
4.4
4.0
3.4000000000000004
3.0
2.8000000000000003
2.6
2.6
3.2
2.4
2.4
2.0
2.4
1.6
1.4000000000000001
1.7999999999999998
1.4000000000000001
0.8
0.4
0.0
-0.4
0.0
-0.4
-0.2
0.2
-0.8
-0.6
-1.0
-1.0
-0.6
-0.8
-0.2
0.2
-0.4
-1.2
-1.7999999999999998
-2.2
-2.2
-1.7999999999999998
-1.4000000000000001
-1.0
0.0
0.2
-1.2
-1.2
-1.4000000000000001
-1.2
-1.4000000000000001
-1.4000000000000001
-0.8
0.2
0.0
-0.6
-1.2
-1.2
-1.7999999999999998
-1.2
-1.2
-1.0
0.0
0.2
0.0
0.6
0.0
0.4
-0.2
-0.4
0.0
-0.2
-0.6
-0.8
-0.8
-0.8
-0.2
0.0
0.2
1.0
1.6
0.6
0.8
0.6
0.6
0.0
0.0
0.2
0.2
-0.2
-0.4
-0.6
-0.8
-0.4
-0.2
0.0
0.8
1.0
0.6
0.6
0.8
1.2
0.4
0.4
0.8
0.2
-0.2
-0.6
-0.8
-1.0
-0.6
-0.6
-0.4
0.4
0.4
0.2
0.6
0.6
1.0
0.2
0.0
0.4
-0.2
-0.4
-0.6
-1.0
-1.4000000000000001
-0.8
-0.8
-0.4
0.4
0.8
0.2
0.8
0.4
0.6
-0.2
-0.4
-0.2
-0.2
-0.6
-0.8
-1.0
-1.0
-0.4
-0.2
0.0
0.8
1.2
0.2
0.4
0.0
0.2
-0.4
-0.6
-0.4
-0.2
-0.6
-0.6
-0.8
-0.6
-0.2
0.2
0.4
0.8
1.0
0.0
0.2
-0.4
0.0
-0.4
-0.6
-0.2
-0.2
-0.4
-0.4
-0.6
-0.2
0.0
0.6
0.0
0.4
0.8
0.0
0.0
-0.4
-0.2
-0.4
-0.6
-0.4
0.0
-0.4
-0.2
-0.4
0.0
0.0
0.4
-0.2
0.4
0.6
-0.4
-0.2
-0.4
-0.4
-0.2
-0.6
-0.4
0.2
-0.2
0.0
-0.2
0.2
-0.4
0.0
-0.4
0.0
0.4
-0.4
-0.2
-0.4
-0.4
-0.4
-0.6
-0.2
0.6
0.4
0.4
0.0
-0.2
-0.8
-0.4
-0.6
-0.2
0.2
-0.4
-0.4
-0.4
-0.4
-0.2
-0.4
0.2
0.8
0.8
0.2
-0.2
-0.4
-1.0
-0.4
-0.8
-0.4
0.0
-0.2
-0.4
-0.2
0.0
0.4
0.0
0.4
1.0
0.6
0.0
-0.4
-15.2
-15.8
-15.4
-15.2
-15.0
-14.399999999999999
-14.6
-14.8
-14.399999999999999
-14.2
-14.000000000000002
-14.399999999999999
-14.000000000000002
-13.4
-13.600000000000001
-13.8
-14.2
-13.8
-13.8
-13.200000000000001
-13.4
-12.6
-12.0
-12.8
-12.6
-12.6
-12.4
-12.8
-12.6
-12.0
-12.4
-12.6
-13.0
-13.0
-13.200000000000001
-13.0
-12.8
-12.2
-12.0
-12.6
-12.6
-12.4
-12.6
-12.6
-12.2
-12.2
-12.2
-12.6
-12.4
-12.4
-11.6
-11.6
-11.0
-10.8
-11.6
-11.400000000000002
-11.400000000000002
-11.799999999999999
-11.799999999999999
-11.400000000000002
-11.200000000000001
-11.200000000000001
-11.400000000000002
-11.0
-11.200000000000001
-11.200000000000001
-11.400000000000002
-10.8
-11.0
-11.0
-10.8
-10.2
-10.4
-10.2
-10.2
-10.600000000000001
-11.200000000000001
-11.200000000000001
-11.400000000000002
-10.600000000000001
-10.4
-9.8
-9.6
-10.2
-10.2
-9.8
-10.2
-9.6
-9.4
-10.0
-10.4
-10.600000000000001
-10.8
-9.8
-9.6
-9.200000000000001
-9.4
-9.6
-9.4
-8.8
-9.200000000000001
-9.4
-9.0
-9.6
-9.6
-9.200000000000001
-9.6
-9.8
-9.4
-8.4
-8.6
-8.6
-8.8
-9.200000000000001
-8.8
-7.800000000000001
-8.4
-9.200000000000001
-9.200000000000001
-9.200000000000001
-8.4
-8.8
-8.0
-8.4
-7.800000000000001
-8.0
-8.6
-8.6
-7.6
-7.800000000000001
-8.6
-8.8
-8.6
-7.800000000000001
-8.200000000000001
-7.199999999999999
-7.6
-7.4
-7.800000000000001
-8.0
-7.6
-7.000000000000001
-7.800000000000001
-8.200000000000001
-7.800000000000001
-8.0
-8.0
-7.6
-5.8
-7.199999999999999
-7.4
-6.800000000000001
-7.199999999999999
-7.199999999999999
-7.000000000000001
-6.800000000000001
-7.800000000000001
-8.0
-7.4
-7.199999999999999
-6.6000000000000005
-6.800000000000001
-6.2
-6.6000000000000005
-6.800000000000001
-6.4
-6.4
-7.000000000000001
-7.199999999999999
-7.000000000000001
-7.199999999999999
-7.000000000000001
-6.4
-6.2
-6.4
-6.0
-6.4
-6.2
-5.6000000000000005
-6.2
-6.800000000000001
-6.2
-7.000000000000001
-6.800000000000001
-5.8
-6.0
-6.2
-5.6000000000000005
-6.0
-6.0
-4.8
-5.8
-6.4
-6.0
-6.4
-6.4
-5.6000000000000005
-5.6000000000000005
-5.6000000000000005
-5.6000000000000005
-5.8
-5.4
-5.2
-5.6000000000000005
-5.8
-6.2
-5.8
-5.8
-5.0
-5.0
-5.2
-4.8
-5.2
-5.4
-4.8
-5.4
-5.8
-5.6000000000000005
-5.6000000000000005
-5.4
-4.0
-4.8
-4.6000000000000005
-4.8
-5.0
-4.6000000000000005
-5.0
-5.2
-5.6000000000000005
-5.2
-5.0
-4.2
-4.0
-4.8
-4.2
-4.8
-4.8
-3.8
-5.0
-5.2
-5.2
-4.8
-4.0
-4.0
-3.8
-4.2
-4.2
-4.6000000000000005
-3.8
-4.2
-5.2
-5.0
-4.4
-3.8
-3.5999999999999996
-4.0
-3.5999999999999996
-4.0
-4.0
-3.8
-3.8
-4.8
-4.6000000000000005
-4.2
-3.4000000000000004
-3.0
-3.5999999999999996
-3.4000000000000004
-4.0
-3.5999999999999996
-3.2
-3.4000000000000004
-4.6000000000000005
-4.2
-3.8
-3.0
-3.0
-3.0
-3.2
-3.5999999999999996
-3.2
-3.0
-3.5999999999999996
-4.2
-3.8
-3.8
-2.6
-3.0
-2.8000000000000003
-3.0
-3.0
-3.0
-2.6
-3.5999999999999996
-3.8
-3.5999999999999996
-3.2
-2.4
-2.6
-2.8000000000000003
-2.4
-3.0
-2.4
-3.0
-3.4000000000000004
-4.0
-2.6
-2.8000000000000003
-1.6
-2.4
-2.2
-2.6
-2.2
-2.6
-2.4
-3.4000000000000004
-3.2
-3.0
-2.0
-2.2
-2.0
-1.7999999999999998
-2.6
-2.0
-2.4
-2.8000000000000003
-3.2
-2.4
-2.6
-1.0
-2.2
-1.6
-2.2
-1.6
-2.2
-2.4
-3.0
-3.0
-2.8000000000000003
-1.7999999999999998
-1.7999999999999998
-1.7999999999999998
-1.2
-2.2
-1.6
-2.2
-2.6
-2.8000000000000003
-2.4
-1.7999999999999998
-1.4000000000000001
-1.0
-1.4000000000000001
-1.7999999999999998
-1.6
-1.7999999999999998
-2.4
-2.8000000000000003
-2.2
-2.2
-0.4
-1.4000000000000001
-1.2
-1.6
-1.4000000000000001
-1.4000000000000001
-2.2
-2.2
-2.2
-2.0
-0.8
-1.2
-1.0
-1.4000000000000001
-1.0
-1.4000000000000001
-1.7999999999999998
-1.7999999999999998
-2.0
-1.6
-0.8
-1.0
-1.0
-1.0
-1.0
-1.2
-1.4000000000000001
-1.7999999999999998
-2.0
-1.6
-0.6
-0.6
-1.0
-0.8
-0.8
-0.8
-1.0
-1.7999999999999998
-1.6
-1.2
-0.4
-0.6
-0.8
-0.8
-0.8
-0.8
-0.8
-1.4000000000000001
-1.4000000000000001
-1.0
-0.4
-0.6
-0.8
-1.0
-0.6
-0.2
-1.0
-1.0
-1.2
-1.0
0.0
-0.4
-0.4
-0.8
-0.6
0.0
-1.2
-1.0
-1.0
-0.8
0.2
-0.6
-0.6
-0.4
-0.2
-0.4
-1.0
-1.2
-0.8
-0.4
-0.4
-0.2
-0.4
-0.6
0.6
-0.6
-1.4000000000000001
-1.2
-1.2
-0.4
-0.4
-0.6
-0.4
-0.2
0.2
-0.4
-1.0
-1.0
-0.8
-0.2
-0.4
-0.2
-0.4
0.0
0.8
-0.8
-1.0
-0.6
-0.8
-0.2
0.2
-0.2
-0.2
0.8
0.0
-0.8
-1.0
-1.0
-0.4
0.2
-0.2
0.0
0.4
0.4
-0.4
-0.4
-0.8
-0.6
0.2
0.0
0.0
0.0
0.8
0.2
-0.6
-1.0
-1.0
14.8
15.0
14.8
15.2
15.2
15.600000000000001
14.8
14.6
14.2
14.399999999999999
15.4
15.2
15.2
15.2
15.8
15.2
14.6
14.399999999999999
14.399999999999999
15.0
15.2
15.0
15.0
14.6
14.399999999999999
13.200000000000001
12.6
12.4
11.799999999999999
12.8
11.6
11.6
10.600000000000001
10.0
10.0
9.4
8.200000000000001
7.6
7.800000000000001
7.199999999999999
7.800000000000001
7.000000000000001
6.4
6.2
5.6000000000000005
5.2
4.6000000000000005
3.8
2.8000000000000003
2.6
2.0
2.4
1.7999999999999998
1.6
1.4000000000000001
0.2
0.0
-0.4
-0.4
-1.4000000000000001
-2.0
-2.8000000000000003
-3.4000000000000004
-4.2
-4.4
-4.2
-5.4
-6.6000000000000005
-6.0
-4.8
-6.6000000000000005
-6.6000000000000005
-4.6000000000000005
-5.8
-6.800000000000001
-5.0
-6.2
-6.6000000000000005
-4.6000000000000005
-6.0
-6.2
-4.8
-6.0
-6.0
-3.8
-5.6000000000000005
-6.2
-4.4
-5.6000000000000005
-6.2
-5.0
-5.0
-5.8
-5.2
-3.8
-5.0
-4.8
-3.5999999999999996
-4.2
-4.8
-4.8
-3.4000000000000004
-3.8
-4.8
-4.6000000000000005
-3.2
-3.2
-4.2
-4.4
-3.2
-3.5999999999999996
-4.4
-4.6000000000000005
-3.5999999999999996
-2.6
-3.8
-3.8
-3.0
-2.0
-2.8000000000000003
-3.0
-3.4000000000000004
-3.0
-2.0
-2.2
-2.6
-2.8000000000000003
-2.8000000000000003
-2.4
-1.7999999999999998
-2.4
-2.8000000000000003
-3.2
-2.8000000000000003
-2.2
-1.4000000000000001
-1.4000000000000001
-1.2
-2.2
-2.2
-1.7999999999999998
-1.2
-0.4
-1.2
-1.4000000000000001
-1.4000000000000001
-1.4000000000000001
-1.6
-1.6
-1.6
-0.8
-1.0
-0.8
-1.2
-1.0
-0.4
-0.8
-1.0
-0.4
0.0
0.2
0.0
0.4
0.8
0.4
0.0
-0.6
-0.8
-0.8
-0.4
-0.4
-0.2
0.8
0.8
0.6
0.8
1.2
1.4000000000000001
1.0
1.4000000000000001
2.0
1.7999999999999998
1.7999999999999998
1.2
1.4000000000000001
1.0
1.6
1.4000000000000001
2.0
2.8000000000000003
1.7999999999999998
2.2
2.2
2.8000000000000003
2.2
2.4
2.8000000000000003
2.8000000000000003
2.6
2.0
2.2
2.0
2.6
2.4
3.0
3.0
2.6
2.8000000000000003
2.6
2.4
2.4
2.8000000000000003
2.8000000000000003
2.8000000000000003
2.4
2.4
2.4
3.2
3.2
3.8
4.6000000000000005
3.5999999999999996
3.5999999999999996
3.5999999999999996
3.4000000000000004
3.4000000000000004
3.8
4.0
3.8
3.4000000000000004
4.0
3.8
3.8
3.8
4.6000000000000005
4.2
4.2
4.0
4.8
4.4
4.2
4.4
3.5999999999999996
3.2
2.6
2.2
2.8000000000000003
2.2
3.0
3.5999999999999996
2.6
2.8000000000000003
2.4
2.4
1.4000000000000001
1.4000000000000001
1.7999999999999998
1.0
0.8
0.4
0.2
0.4
0.6
0.4
0.8
1.0
-0.2
-0.2
-0.8
-0.8
-1.2
-1.4000000000000001
-1.2
-0.8
-1.0
-0.6
-0.8
-1.2
-1.6
-1.4000000000000001
-1.7999999999999998
-1.4000000000000001
-0.8
-0.8
-0.8
-0.2
-0.4
-0.4
-1.2
-1.4000000000000001
-1.2
-1.0
-1.2
-0.8
-0.8
-0.4
-0.6
-0.6
-1.0
-0.6
-0.2
-0.6
-0.6
-0.4
-0.2
0.4
0.0
0.6
0.8
0.4
-0.2
-0.8
-0.8
-0.8
-0.4
-0.6
-0.4
0.4
0.4
0.2
0.4
0.6
1.2
0.6
0.6
1.0
0.4
0.2
-0.2
-0.6
-1.0
-0.4
-0.4
-0.2
0.6
0.2
0.0
0.2
0.2
0.8
0.4
0.8
1.0
0.6
0.0
-0.4
-0.6
-1.0
-0.6
-0.8
-0.6
0.4
0.0
0.0
0.0
0.2
0.8
0.4
0.4
0.8
0.2
-0.4
-0.4
-0.8
-1.2
-0.6
-0.8
-0.6
0.2
0.2
0.0
0.4
0.4
1.2
0.2
0.0
0.2
-0.2
-0.6
-0.8
-1.2
-1.2
-0.6
-0.6
-0.4
0.6
1.0
0.4
0.6
0.0
0.4
-0.4
-0.6
-0.2
-0.2
-0.6
-0.6
-1.0
-0.8
-0.2
0.2
0.2
1.2
1.2
0.2
0.0
-0.2
0.0
-0.4
-0.6
-0.4
-0.4
-0.6
-0.4
-0.6
-0.4
0.0
0.4
0.0
0.6
0.8
-0.2
0.0
-0.2
-0.2
-0.2
-0.6
-0.4
0.2
-0.2
-0.2
-0.2
0.0
0.0
0.2
-0.4
0.2
0.4
-0.6
-0.4
-0.4
-0.4
-0.2
-0.6
0.0
0.6
0.2
0.4
0.0
-0.2
-0.6
-0.2
-0.6
0.0
0.2
-0.2
-0.4
-0.4
-0.2
0.0
-0.4
0.0
0.8
0.6
0.4
0.0
-0.4
-0.8
-0.4
-0.8
-0.6
0.0
-0.4
-0.2
-0.2
0.0
0.4
0.0
0.4
1.2
0.6
0.0
-0.4
-0.6
-1.0
-0.6
-0.8
-0.4
0.2
-0.2
-0.2
0.0
0.4
0.8
0.2
0.4
0.8
0.2
-0.4
-0.6
-1.0
-1.2
-0.8
-15.2
-15.0
-14.399999999999999
-14.2
-14.399999999999999
-14.000000000000002
-13.8
-13.600000000000001
-13.8
-13.600000000000001
-13.200000000000001
-13.4
-13.8
-14.2
-14.2
-14.6
-14.000000000000002
-14.000000000000002
-13.600000000000001
-12.8
-13.4
-13.4
-13.4
-13.0
-13.4
-13.4
-12.8
-12.8
-13.0
-13.4
-13.200000000000001
-13.600000000000001
-12.8
-12.8
-12.2
-11.400000000000002
-12.2
-11.799999999999999
-11.6
-11.400000000000002
-12.2
-12.0
-11.799999999999999
-11.799999999999999
-12.4
-12.8
-12.8
-12.6
-12.4
-12.2
-11.200000000000001
-11.6
-11.200000000000001
-11.200000000000001
-10.8
-11.200000000000001
-11.0
-10.8
-11.200000000000001
-11.6
-12.0
-12.0
-11.6
-11.400000000000002
-10.600000000000001
-9.8
-10.4
-10.4
-10.8
-10.600000000000001
-10.8
-10.600000000000001
-10.4
-10.4
-10.600000000000001
-10.600000000000001
-11.0
-10.8
-10.8
-9.8
-10.2
-9.6
-9.6
-9.6
-10.4
-10.0
-9.8
-9.8
-10.0
-9.8
-10.4
-10.2
-9.8
-8.8
-9.200000000000001
-9.0
-9.4
-9.6
-9.6
-9.0
-8.4
-9.0
-9.8
-10.0
-9.6
-9.200000000000001
-8.4
-8.4
-8.8
-8.8
-8.0
-8.6
-8.6
-8.200000000000001
-8.6
-8.8
-9.0
-9.200000000000001
-9.0
-8.4
-7.000000000000001
-8.200000000000001
-8.4
-8.0
-8.0
-8.0
-7.800000000000001
-8.200000000000001
-8.4
-8.200000000000001
-8.6
-8.200000000000001
-7.6
-6.6000000000000005
-7.6
-7.800000000000001
-7.199999999999999
-7.6
-7.800000000000001
-7.4
-7.199999999999999
-7.800000000000001
-8.200000000000001
-7.800000000000001
-7.4
-6.800000000000001
-6.800000000000001
-6.800000000000001
-6.6000000000000005
-7.199999999999999
-7.4
-6.4
-6.6000000000000005
-7.6
-7.6
-7.6
-7.4
-7.000000000000001
-5.4
-6.6000000000000005
-6.6000000000000005
-6.2
-6.6000000000000005
-6.6000000000000005
-6.2
-6.2
-7.199999999999999
-7.4
-6.800000000000001
-6.800000000000001
-6.2
-6.2
-6.0
-6.0
-6.4
-6.0
-6.0
-6.0
-6.4
-7.000000000000001
-6.6000000000000005
-6.4
-6.0
-5.8
-5.6000000000000005
-5.8
-6.0
-5.6000000000000005
-5.4
-5.6000000000000005
-6.2
-6.6000000000000005
-6.0
-6.0
-5.4
-5.4
-5.8
-5.4
-5.4
-5.6000000000000005
-5.0
-5.4
-6.0
-6.2
-5.8
-5.8
-4.2
-5.4
-5.4
-4.8
-5.6000000000000005
-4.8
-4.8
-5.6000000000000005
-5.2
-5.6000000000000005
-5.6000000000000005
-4.8
-4.8
-4.6000000000000005
-4.6000000000000005
-5.0
-4.8
-4.6000000000000005
-4.6000000000000005
-5.4
-5.6000000000000005
-4.8
-5.0
-3.4000000000000004
-4.6000000000000005
-4.4
-4.2
-4.8
-4.0
-4.4
-4.8
-5.0
-4.8
-4.4
-3.8
-3.8
-4.2
-3.5999999999999996
-4.4
-4.2
-3.5999999999999996
-4.6000000000000005
-4.6000000000000005
-4.6000000000000005
-4.4
-3.5999999999999996
-3.8
-3.5999999999999996
-3.5999999999999996
-3.8
-4.0
-3.2
-4.2
-4.4
-4.4
-4.2
-3.2
-3.4000000000000004
-3.2
-3.5999999999999996
-3.5999999999999996
-3.5999999999999996
-3.0
-4.0
-4.2
-4.0
-3.5999999999999996
-2.8000000000000003
-3.2
-3.0
-3.0
-3.4000000000000004
-3.4000000000000004
-2.8000000000000003
-3.8
-3.8
-3.5999999999999996
-3.0
-2.8000000000000003
-2.8000000000000003
-2.8000000000000003
-2.6
-3.5999999999999996
-2.6
-3.0
-3.4000000000000004
-3.8
-2.8000000000000003
-3.0
-2.0
-2.6
-2.6
-2.8000000000000003
-2.8000000000000003
-2.6
-2.6
-3.5999999999999996
-3.5999999999999996
-3.0
-2.2
-2.2
-1.7999999999999998
-2.4
-2.4
-2.4
-2.0
-3.0
-3.0
-3.0
-2.6
-2.0
-2.0
-2.2
-1.7999999999999998
-2.4
-1.7999999999999998
-2.4
-3.0
-3.2
-2.6
-2.2
-1.6
-1.6
-1.7999999999999998
-2.0
-2.0
-2.0
-2.6
-2.8000000000000003
-2.8000000000000003
-2.4
-1.2
-1.6
-1.6
-2.0
-1.7999999999999998
-1.7999999999999998
-1.7999999999999998
-2.8000000000000003
-2.6
-2.6
-1.6
-1.6
-1.4000000000000001
-1.2
-2.0
-1.2
-2.0
-2.4
-3.0
-2.2
-1.7999999999999998
-1.0
-1.2
-1.2
-1.4000000000000001
-1.4000000000000001
-1.4000000000000001
-2.2
-2.6
-2.2
-1.7999999999999998
-0.4
-1.2
-1.0
-1.2
-1.2
-1.0
-1.7999999999999998
-2.0
-2.0
-1.6
-0.4
-1.2
-0.8
-1.2
-1.0
-1.2
-1.7999999999999998
-1.6
-2.0
-1.6
-0.4
-0.8
-0.8
-1.0
-0.8
-0.8
-1.4000000000000001
-1.4000000000000001
-1.6
-1.2
-0.4
-0.8
-0.6
-1.0
-0.8
-0.4
-1.0
-1.2
-1.6
-1.2
0.2
-0.6
-0.4
-0.8
-0.4
0.0
-1.0
-1.2
-1.2
-1.0
0.4
-0.4
-0.4
-0.8
-0.4
0.0
-1.0
-1.0
-0.6
-0.8
0.0
-0.2
-0.4
-0.4
0.2
-0.2
-0.8
-1.2
-0.8
-0.2
-0.2
-0.2
0.0
-0.4
0.6
-0.2
-1.0
-0.8
-0.8
0.0
-0.2
-0.4
-0.2
0.2
0.2
-0.6
-0.6
-1.0
-0.6
0.4
-0.4
0.0
0.0
0.4
0.4
-0.8
-1.0
-0.6
-0.4
-0.2
0.2
0.4
0.0
1.0
0.2
-1.0
-0.6
-0.8
-0.2
0.0
-0.2
0.0
0.4
0.6
-0.4
-0.4
-0.8
-0.8
0.2
0.4
0.2
0.0
1.0
0.0
-0.4
-0.8
-0.8
-0.2
0.4
15.0
15.4
15.600000000000001
15.600000000000001
14.6
15.0
14.399999999999999
14.399999999999999
15.600000000000001
15.600000000000001
15.2
15.2
15.8
15.4
14.6
14.6
14.399999999999999
15.2
15.2
15.2
15.4
15.2
15.0
13.8
12.8
13.0
12.6
12.8
12.4
11.6
10.8
10.600000000000001
10.600000000000001
9.200000000000001
8.6
8.200000000000001
8.0
8.200000000000001
7.6
7.4
7.000000000000001
6.4
5.8
6.2
4.8
3.8
3.4000000000000004
3.0
3.4000000000000004
2.6
2.4
1.7999999999999998
1.2
0.6
0.2
-0.8
-1.2
-1.4000000000000001
-1.7999999999999998
-2.4
-3.0
-3.2
-3.2
-4.8
-5.2
-5.8
-4.8
-4.6000000000000005
-5.4
-6.0
-4.8
-5.4
-6.4
-5.0
-5.0
-6.0
-5.4
-4.8
-5.8
-4.8
-4.4
-5.8
-5.6000000000000005
-4.2
-5.4
-6.0
-4.2
-4.6000000000000005
-5.4
-4.8
-3.4000000000000004
-4.2
-4.8
-3.8
-3.4000000000000004
-4.6000000000000005
-4.2
-3.2
-3.5999999999999996
-4.4
-4.2
-2.8000000000000003
-2.8000000000000003
-3.8
-4.4
-3.8
-2.4
-4.0
-4.0
-3.5999999999999996
-2.6
-2.2
-2.4
-3.0
-3.0
-2.0
-1.7999999999999998
-2.4
-3.0
-2.8000000000000003
-2.2
-0.8
-1.6
-2.4
-2.8000000000000003
-2.8000000000000003
-2.2
-1.4000000000000001
-1.4000000000000001
-2.2
-2.0
-1.4000000000000001
-1.2
-1.0
-0.2
-0.8
-1.0
-1.6
-1.6
-1.4000000000000001
-0.6
-0.4
0.0
-0.6
-0.8
-1.4000000000000001
-1.2
-1.0
-0.8
0.0
0.2
0.2
0.8
0.8
1.0
0.2
0.4
0.4
0.4
0.2
-0.4
-0.4
-0.4
-0.2
0.4
0.6
1.2
1.6
1.2
1.6
1.6
2.0
1.6
2.0
2.4
2.2
1.7999999999999998
1.4000000000000001
1.4000000000000001
1.2
1.7999999999999998
1.6
2.2
3.2
2.4
2.6
2.6
3.0
2.4
2.8000000000000003
3.2
3.2
2.8000000000000003
2.4
2.6
2.4
2.6
2.4
3.0
3.2
2.6
2.8000000000000003
3.0
2.8000000000000003
2.6
3.2
3.4000000000000004
3.2
2.8000000000000003
3.0
3.0
4.0
3.5999999999999996
4.0
4.0
3.5999999999999996
3.5999999999999996
3.5999999999999996
3.2
3.0
3.5999999999999996
3.5999999999999996
3.2
3.0
2.8000000000000003
2.6
2.6
2.2
2.8000000000000003
2.2
-25.6
-25.6
-25.6
-25.6
-25.6
-25.6
-25.6
-25.6
-25.6
-25.6
-25.6
-25.6
-25.6
-25.6
-25.6
-25.6
-25.6
-25.6
-25.6
-25.6
-25.6
-25.6
-25.6
-25.6
-25.6
-25.6
-25.6
-25.6
-25.6
-25.6
-25.6
-25.6
-25.6
-25.6
-25.6
-25.6
-25.6
-25.6
-25.6
-25.6
-25.6
-25.6
-25.6
-25.6
-25.6
-25.6
-25.6
-25.6
-25.6
-25.6
-25.6
-25.6
-25.6
-25.6
-25.6
-25.6
-25.6
-25.6
-25.6
-25.6
-25.6
-25.6
-25.6
-25.6
-25.6
-25.6
-25.6
-25.6
-25.6
-25.6
-25.6
-25.6
-25.6
-25.6
-25.6
-25.6
-25.6
-25.6
-25.6
-25.6
-25.6
-25.6
-25.6
-25.6
-25.6
-25.6
-25.6
-25.6
-25.6
-25.6
-25.6
-25.6
-25.6
-25.6
-25.6
-25.6
-25.6
-25.6
-25.6
-25.6
-25.6
-25.6
-25.6
-25.6
-25.6
-25.6
-25.6
-25.6
