0.4161024094
0.416782707
0.4158863723
0.414649874
0.4131212234
0.4109123647
0.4101760387
0.4089875817
0.4077431262
0.4070107937
0.405370146
0.404897958
0.4040896595
0.4023969471
0.4023249447
0.4011844993
0.4005042017
0.400096029
0.3990916312
0.3981312215
0.3963425159
0.3942897022
0.3925130069
0.3905522227
0.3878711462
0.3863265514
0.3849980235
0.3825570047
0.3802720904
0.3787915111
0.3763745427
0.3748219311
0.3728371263
0.3717046678
0.3689395785
0.3678311408
0.3659063578
0.3640256226
0.3622969389
0.3611204624
0.3581912816
0.3571028411
0.3550940454
0.3532212973
0.3517166972
0.3502480984
0.3484713733
0.3471388519
0.345066011
0.3433613479
0.3421688676
0.340388149
0.338927567
0.3379431963
0.3355142176
0.3344937861
0.3329291642
0.3314045668
0.3299559951
0.3288475275
0.3275990486
0.3262104988
0.3243857622
0.3230212033
0.3219247758
0.3202080727
0.3187354803
0.3174589872
0.3162145019
0.3150620162
0.3139736056
0.3119407892
0.3112645149
0.3106282651
0.3088555336
0.3070628047
0.3068147302
0.3054901958
0.3039655983
0.3027771115
0.3020368218
0.301712662
0.3000440001
0.2996078432
0.2987034917
0.2980912328
0.2965986431
0.295566231
0.2953181267
0.293833524
0.2935734391
0.2920368016
0.2915766239
0.2902761102
0.2902201116
0.2889275849
0.2881872654
0.2865105867
0.2861024439
0.2848459482
0.2844097614
0.2838615477
0.2826890647
0.2820087969
0.2815686166
0.2810964584
0.2799239755
0.2795238197
0.278983593
0.2781312466
0.2779511809
0.2769627869
0.2765186131
0.2757582963
0.2744778097
0.2739976048
0.2732132673
0.2729491591
0.2722249031
0.2716806531
0.2708483338
0.2702721059
0.2695198059
0.2696198523
0.268191278
0.2677951157
0.2672348917
0.2666506469
0.2661224604
0.2649379969
0.2645498216
0.2644417584
0.2636334598
0.263145268
0.2628171146
0.2623569369
0.2623929679
0.2612244785
0.2613925636
0.2605922222
0.2598239481
0.2600159943
0.2590796351
0.2591836751
0.258107245
0.2582472861
0.2577150762
0.2570748329
0.2569988072
0.256182462
0.2563225329
0.2557703257
0.2554141879
0.2547498941
0.2551500499
0.2541976869
0.254573822
0.2533613443
0.2527691126
0.2519007623
0.2516566813
0.250708282
0.2511684597
0.2508083284
0.250228107
0.2499319613
0.2494237721
0.2489795834
0.2487675101
0.247971192
0.2477190942
0.2476030439
0.2470308095
0.2465546131
0.2455622256
0.2450460196
0.2448819429
0.2447458953
0.2443697453
0.2450100034
0.243965596
0.2438815534
0.2433053255
0.242873162
0.2431212515
0.2428411394
0.2423369437
0.2426330596
0.2425250113
0.241892755
0.2419567853
0.2418087274
0.2417126894
0.2409923971
0.2406722605
0.2406002432
0.2398239374
0.2398439348
0.239863947
0.2396718711
