3.8585033417
3.8510763645
3.8491075039
3.8456020355
3.8424327374
3.8493638039
3.8381273746
3.8400321007
3.8296120167
3.8225531578
3.8357264996
3.8361904621
3.8382713795
3.8276591301
3.8315486908
3.8338372707
3.8344140053
3.8310682774
3.8023688793
3.8024008274
3.8277552128
3.8285713196
3.8209364414
3.8069307804
3.8262825012
3.807939291
3.8214006424
3.8021769524
3.8081953526
3.8249061108
3.8051221371
3.8219287395
3.8377270699
3.820472002
3.8338854313
3.8124370575
3.8307483196
3.8238174915
3.8324770927
3.8373267651
3.8232893944
3.8230810165
3.8269867897
3.8158624172
3.8334696293
3.8382713795
3.8483393192
3.8905322552
3.8569989204
3.8379991055
3.8179113865
3.7919967175
3.7628493309
3.7419607639
3.7178871632
3.7011125088
3.6702682972
3.6456341743
3.6357421875
3.6002721786
3.5844419003
3.5632653236
3.5410163403
3.537623167
3.5359423161
3.5252821445
3.5310924053
3.5267226696
3.5251700878
3.5128612518
3.5297796726
3.5087156296
3.5167665482
3.5183672905
3.4996716976
3.5137095451
3.5202243328
3.5110843182
3.5078032017
3.5086195469
3.5100281239
3.5015125275
3.5038976669
3.4943578243
3.5144779682
3.5124769211
3.5021207333
3.5041697025
3.4981353283
3.4952862263
3.5040414333
3.4961342812
3.4956703186
3.4841938019
3.5003762245
3.4978311062
3.4909324646
3.4982950687
3.5004723072
3.4867227077
3.4876029491
3.4946298599
3.4862582684
3.4924371243
3.4860503674
3.4901480675
3.483281374
3.4894757271
3.4717407227
3.4874269962
3.4833772182
3.4762065411
3.4707963467
3.4772951603
3.4635775089
3.4830570221
3.4824168682
3.4790556431
3.4739656448
3.4709405899
3.4579591751
3.4707643986
3.4495398998
3.4551739693
3.4647138119
3.4516365528
3.4553341866
3.4652900696
3.463881731
3.4452819824
3.4609363079
3.4445776939
3.4599919319
3.4422569275
3.4400482178
3.4528689384
3.4469146729
3.4539897442
3.452709198
3.4508686066
3.4460504055
3.4537656307
3.4404320717
3.4477629662
3.4383993149
3.4431371689
3.4501800537
3.4349582195
3.4463386536
3.4494597912
3.4404962063
3.441552639
3.4227771759
3.4443376064
3.4408323765
3.4371027946
3.4261062145
3.4252581596
3.4391198158
3.4271306992
3.4287796021
3.4397439957
3.4207761288
3.4218809605
3.4183914661
3.41903162
3.4363503456
3.4260425568
3.4310042858
3.410980463
3.4169025421
3.4168388844
3.4273707867
3.4296758175
3.4218327999
3.4223127365
3.4100680351
3.4143414497
3.4211444855
3.4136376381
3.4191596508
3.4225530624
3.4222168922
3.4011204243
3.4178469181
3.4117488861
3.4059064388
3.3968946934
3.4081633091
3.4089794159
3.3961746693
3.3908281326
3.410243988
3.4149181843
3.405298233
3.4075069427
3.3948459625
3.4052660465
3.3968465328
3.4001119137
