9.8
9.6
9.6
9.6
9.6
9.8
9.6
9.6
9.8
9.6
9.6
9.399999999999999
9.8
9.6
9.6
9.6
9.6
9.8
9.6
9.6
9.6
9.399999999999999
9.6
9.6
9.6
9.8
9.6
9.6
9.6
9.6
9.6
9.6
9.399999999999999
9.6
9.6
9.6
9.399999999999999
9.6
9.399999999999999
9.6
9.6
9.399999999999999
9.399999999999999
9.399999999999999
9.6
9.6
9.6
9.399999999999999
9.6
9.8
9.399999999999999
9.6
9.6
9.6
9.6
9.6
9.6
10.0
9.6
9.399999999999999
9.6
9.6
9.6
9.6
9.6
9.8
9.399999999999999
9.6
9.8
9.399999999999999
9.6
9.6
9.6
9.8
9.6
9.6
9.8
9.8
9.8
9.6
9.8
9.6
9.6
9.6
9.6
9.6
9.6
9.6
9.6
9.6
9.6
9.6
9.6
9.8
9.8
9.8
9.6
9.6
9.399999999999999
9.8
9.8
9.6
9.6
9.6
9.6
9.200000000000001
9.399999999999999
9.6
9.399999999999999
9.399999999999999
9.399999999999999
9.399999999999999
9.399999999999999
9.399999999999999
9.399999999999999
9.399999999999999
9.6
9.399999999999999
9.6
9.399999999999999
9.6
9.6
9.6
9.6
9.399999999999999
9.6
9.6
9.6
9.6
9.6
9.6
9.8
9.6
9.6
9.8
9.6
9.6
9.6
9.8
9.6
9.6
9.6
9.6
9.8
9.6
9.8
9.6
9.6
9.6
9.6
9.6
9.8
9.6
9.6
9.6
9.8
9.6
9.6
9.8
9.6
9.6
9.6
9.6
9.6
9.8
9.6
9.6
9.6
9.6
9.6
9.6
9.399999999999999
9.399999999999999
9.6
9.6
9.6
9.6
9.6
9.6
9.399999999999999
9.6
9.399999999999999
9.6
9.6
9.399999999999999
9.6
9.6
9.399999999999999
9.6
9.6
9.6
9.6
9.8
9.6
9.6
9.6
9.6
9.6
9.6
9.6
9.6
9.6
9.8
9.6
9.6
9.6
9.8
9.8
9.8
9.6
9.6
9.6
9.6
9.6
9.8
9.6
9.6
9.6
9.6
9.8
9.8
9.6
9.6
9.8
9.6
9.6
9.6
9.8
9.8
9.8
9.8
9.6
9.6
9.6
9.6
9.6
9.6
9.6
9.6
9.399999999999999
9.6
9.6
9.6
9.6
9.399999999999999
9.6
9.399999999999999
9.399999999999999
9.6
9.200000000000001
9.399999999999999
9.399999999999999
9.6
9.399999999999999
9.399999999999999
9.399999999999999
9.399999999999999
9.6
9.6
9.6
9.6
9.6
9.6
9.6
9.6
9.6
9.399999999999999
9.6
9.8
9.6
9.6
9.6
9.399999999999999
9.6
9.8
9.6
9.6
9.6
9.8
9.8
9.6
9.6
9.399999999999999
9.6
9.6
9.6
9.8
9.8
9.6
9.6
9.8
9.6
9.6
9.8
9.6
9.6
9.8
9.6
9.6
9.6
9.6
9.6
9.6
9.6
9.6
9.6
9.6
9.8
9.6
9.6
9.6
9.6
9.6
9.6
9.399999999999999
9.6
9.6
9.6
9.399999999999999
9.6
9.200000000000001
9.6
9.399999999999999
9.6
9.399999999999999
9.6
9.399999999999999
9.399999999999999
9.6
9.6
9.6
9.6
9.6
9.6
9.6
9.6
9.6
9.6
9.6
9.6
9.6
9.6
9.8
9.6
9.6
9.6
9.6
9.6
9.6
9.6
9.6
9.6
9.8
9.6
9.6
9.6
9.6
9.8
9.8
9.8
9.6
9.8
9.6
9.6
9.6
9.8
9.8
9.6
9.8
9.6
9.8
9.6
9.8
9.6
9.6
9.6
9.6
9.6
9.6
9.8
9.6
9.399999999999999
9.8
9.6
9.6
9.6
9.6
9.6
9.6
9.6
9.399999999999999
9.6
9.6
9.6
9.399999999999999
9.6
9.6
9.399999999999999
9.399999999999999
9.6
9.6
9.399999999999999
9.399999999999999
9.6
9.6
9.6
9.6
9.8
9.6
9.6
9.6
9.6
9.6
9.6
9.6
9.8
9.6
9.6
9.6
9.6
9.6
9.6
9.6
9.8
9.8
9.8
9.6
9.6
9.8
9.6
9.8
9.8
9.6
9.8
9.6
9.6
9.6
9.6
9.8
9.8
9.399999999999999
9.6
9.6
9.6
9.8
9.6
9.6
9.6
9.6
9.399999999999999
9.6
9.6
9.399999999999999
9.399999999999999
9.6
9.399999999999999
9.6
9.399999999999999
9.399999999999999
9.399999999999999
9.6
9.399999999999999
9.200000000000001
9.6
9.399999999999999
9.399999999999999
9.6
9.200000000000001
9.399999999999999
9.399999999999999
9.6
9.6
9.8
9.6
9.6
9.399999999999999
9.6
9.8
9.6
9.6
9.6
9.6
9.399999999999999
9.6
9.6
9.8
9.6
9.6
9.6
9.6
9.8
9.6
9.6
9.6
9.6
9.399999999999999
9.6
9.6
9.6
9.8
9.6
9.6
9.8
9.6
9.399999999999999
9.8
9.8
9.6
9.8
9.8
9.6
9.6
9.8
9.6
9.6
9.6
9.6
9.6
9.6
9.8
9.6
9.399999999999999
9.8
9.6
9.6
9.6
9.6
9.399999999999999
9.6
9.6
30.4
26.200000000000003
24.2
22.800000000000004
22.199999999999996
22.0
21.8
21.8
21.8
21.6
21.6
21.6
21.400000000000002
21.6
21.6
21.8
22.199999999999996
22.0
23.4
24.4
24.2
23.4
23.599999999999998
23.200000000000003
23.200000000000003
23.4
23.4
23.599999999999998
23.599999999999998
23.4
23.599999999999998
23.599999999999998
23.4
23.599999999999998
23.599999999999998
23.599999999999998
23.799999999999997
23.599999999999998
23.599999999999998
23.799999999999997
23.599999999999998
23.799999999999997
23.599999999999998
23.599999999999998
23.799999999999997
23.599999999999998
23.599999999999998
23.799999999999997
23.799999999999997
24.0
23.799999999999997
23.599999999999998
23.799999999999997
24.0
24.0
23.799999999999997
23.799999999999997
23.799999999999997
23.4
23.4
23.200000000000003
22.800000000000004
23.0
22.800000000000004
22.599999999999998
22.800000000000004
22.599999999999998
22.599999999999998
22.400000000000002
22.800000000000004
22.599999999999998
22.400000000000002
22.599999999999998
23.0
23.599999999999998
24.8
24.4
24.4
24.4
24.4
24.2
24.4
24.2
24.4
24.6
24.4
24.6
24.8
24.8
24.6
24.8
24.8
24.6
24.8
24.8
24.6
25.0
25.0
24.8
24.8
24.8
25.0
24.8
24.8
25.0
24.8
24.6
24.6
24.2
23.599999999999998
23.599999999999998
23.599999999999998
23.4
23.4
23.4
23.200000000000003
23.0
23.4
23.4
23.4
23.4
23.4
24.0
24.4
24.4
25.6
25.2
25.2
25.0
24.8
24.8
25.0
25.2
25.2
25.2
25.4
25.2
25.2
25.2
25.2
25.2
25.4
25.2
25.4
25.2
25.0
25.4
25.2
25.4
25.4
25.6
25.4
25.2
25.4
25.6
25.4
24.8
24.4
24.0
24.0
24.0
23.799999999999997
24.0
23.599999999999998
24.0
23.599999999999998
23.799999999999997
24.6
25.6
25.8
25.6
25.6
25.8
25.6
25.6
25.4
25.6
25.6
26.0
25.6
25.4
25.8
25.8
25.8
25.8
26.200000000000003
26.0
26.200000000000003
26.0
25.8
26.0
25.8
26.200000000000003
25.8
25.8
26.0
25.8
25.6
24.8
24.8
24.6
24.4
24.2
24.2
24.0
24.4
24.0
24.0
24.6
25.8
27.199999999999996
26.6
26.400000000000002
26.200000000000003
26.200000000000003
26.0
26.200000000000003
26.0
26.200000000000003
26.200000000000003
26.200000000000003
26.6
26.6
26.400000000000002
26.400000000000002
26.200000000000003
26.400000000000002
26.6
26.400000000000002
26.400000000000002
25.6
25.4
25.2
25.0
25.0
25.0
25.2
24.8
25.2
24.8
25.0
25.0
25.2
26.400000000000002
26.200000000000003
26.200000000000003
26.200000000000003
26.200000000000003
26.0
26.200000000000003
26.6
26.6
26.400000000000002
26.6
26.6
26.6
27.0
26.799999999999997
26.799999999999997
26.799999999999997
27.0
26.6
26.799999999999997
26.799999999999997
27.0
27.0
26.6
26.6
26.799999999999997
26.6
26.400000000000002
25.8
25.4
25.0
24.6
24.8
25.0
24.8
24.8
25.0
26.0
27.599999999999998
27.199999999999996
26.799999999999997
26.6
26.6
26.799999999999997
27.0
26.799999999999997
27.0
27.0
27.400000000000002
27.0
27.0
27.199999999999996
27.0
26.799999999999997
27.199999999999996
27.0
27.0
27.0
26.6
26.200000000000003
26.0
25.8
25.6
25.2
25.2
25.4
25.4
25.2
25.6
27.400000000000002
27.0
27.0
27.0
27.0
27.199999999999996
27.400000000000002
27.400000000000002
27.400000000000002
27.400000000000002
27.599999999999998
27.599999999999998
27.599999999999998
27.800000000000004
27.800000000000004
27.599999999999998
27.599999999999998
27.400000000000002
27.599999999999998
27.599999999999998
27.199999999999996
26.400000000000002
26.0
25.8
25.8
25.6
25.6
25.6
25.4
25.4
26.200000000000003
26.400000000000002
27.599999999999998
27.199999999999996
27.199999999999996
27.199999999999996
27.400000000000002
27.599999999999998
27.599999999999998
27.599999999999998
27.400000000000002
27.599999999999998
27.400000000000002
27.400000000000002
27.599999999999998
27.599999999999998
27.599999999999998
27.599999999999998
27.800000000000004
27.599999999999998
27.599999999999998
27.400000000000002
27.199999999999996
27.199999999999996
26.400000000000002
26.200000000000003
26.0
25.8
25.6
25.8
25.6
26.200000000000003
27.400000000000002
27.400000000000002
27.599999999999998
27.599999999999998
27.599999999999998
27.800000000000004
28.0
27.800000000000004
27.800000000000004
28.200000000000003
28.0
27.800000000000004
28.200000000000003
28.200000000000003
28.200000000000003
28.200000000000003
28.0
28.0
27.800000000000004
27.800000000000004
27.800000000000004
27.400000000000002
26.6
26.200000000000003
26.0
26.0
26.0
25.8
25.8
25.8
27.0
28.4
28.200000000000003
28.0
28.0
28.0
28.0
28.0
28.6
28.200000000000003
28.200000000000003
28.200000000000003
28.200000000000003
28.200000000000003
28.4
28.200000000000003
27.199999999999996
26.799999999999997
26.6
26.6
26.6
26.400000000000002
26.400000000000002
26.6
26.400000000000002
26.6
27.599999999999998
27.599999999999998
27.400000000000002
27.800000000000004
27.800000000000004
28.0
28.0
28.0
28.200000000000003
28.4
29.000000000000004
28.6
28.6
28.6
28.799999999999997
28.799999999999997
28.799999999999997
28.4
28.6
28.6
28.4
28.200000000000003
27.400000000000002
26.799999999999997
26.6
26.400000000000002
26.200000000000003
26.200000000000003
26.0
26.200000000000003
27.800000000000004
28.799999999999997
28.4
28.200000000000003
28.4
28.4
28.4
28.6
28.6
28.6
28.6
28.799999999999997
28.6
28.6
28.6
28.6
28.200000000000003
27.599999999999998
27.199999999999996
27.0
26.799999999999997
26.6
26.6
26.6
26.400000000000002
27.199999999999996
28.4
28.4
28.4
28.6
28.6
28.799999999999997
28.799999999999997
28.799999999999997
29.000000000000004
29.2
29.2
29.000000000000004
29.2
29.2
29.2
29.2
29.000000000000004
27.800000000000004
27.199999999999996
27.199999999999996
26.799999999999997
26.799999999999997
26.799999999999997
26.6
26.6
27.400000000000002
28.6
28.4
28.4
28.4
28.6
28.6
28.799999999999997
29.000000000000004
29.000000000000004
28.6
29.000000000000004
29.2
29.000000000000004
28.799999999999997
29.2
29.000000000000004
29.000000000000004
28.799999999999997
28.0
27.400000000000002
27.599999999999998
27.0
27.0
27.0
26.6
27.800000000000004
28.799999999999997
28.6
28.799999999999997
28.799999999999997
29.000000000000004
29.000000000000004
29.2
29.4
29.6
29.6
29.4
29.4
29.6
29.6
29.2
29.2
29.2
29.2
28.200000000000003
27.599999999999998
27.199999999999996
27.199999999999996
27.199999999999996
27.0
26.799999999999997
27.199999999999996
29.6
29.4
29.2
29.2
29.2
29.2
29.4
29.6
29.4
29.4
29.4
29.4
29.8
28.799999999999997
28.200000000000003
27.800000000000004
27.599999999999998
28.0
27.599999999999998
27.400000000000002
27.199999999999996
27.400000000000002
28.799999999999997
28.6
28.6
28.799999999999997
28.799999999999997
29.2
29.4
29.4
29.4
29.6
30.0
29.8
29.8
29.8
30.0
29.8
29.8
29.6
29.4
29.2
28.4
27.599999999999998
27.400000000000002
27.199999999999996
27.0
27.0
27.400000000000002
30.0
29.6
29.4
29.4
29.4
29.4
29.8
30.0
29.6
29.6
29.6
29.8
29.8
29.6
29.000000000000004
28.6
28.4
28.0
27.800000000000004
27.599999999999998
27.400000000000002
27.400000000000002
28.799999999999997
29.2
29.2
29.4
29.4
29.6
30.0
29.8
30.2
30.4
30.2
30.4
30.4
30.2
30.2
30.0
29.000000000000004
28.200000000000003
28.0
27.599999999999998
27.599999999999998
27.800000000000004
27.800000000000004
27.800000000000004
29.2
29.2
29.2
29.4
29.6
29.6
29.8
30.0
30.2
30.0
30.0
30.2
30.2
30.0
30.2
30.0
29.4
28.799999999999997
28.200000000000003
28.0
27.800000000000004
27.800000000000004
27.599999999999998
28.799999999999997
29.6
29.6
29.4
29.8
30.0
30.0
30.2
30.4
30.6
30.6
30.4
30.6
30.6
30.2
30.4
30.0
29.2
28.6
28.200000000000003
27.800000000000004
27.800000000000004
27.800000000000004
27.400000000000002
28.799999999999997
30.4
30.0
30.2
30.0
30.0
30.4
30.4
30.4
30.4
30.4
30.4
30.2
29.2
28.6
28.799999999999997
28.6
28.200000000000003
28.200000000000003
28.200000000000003
28.200000000000003
29.000000000000004
29.4
29.6
29.8
29.8
30.0
30.2
30.4
30.8
30.8
30.6
30.8
30.8
30.8
30.8
30.6
30.4
30.0
29.2
28.4
27.800000000000004
28.0
27.800000000000004
27.800000000000004
28.6
30.4
30.0
30.2
30.2
30.6
30.4
30.6
30.8
30.6
30.6
30.4
30.6
30.4
29.8
29.2
28.799999999999997
28.6
28.4
28.200000000000003
28.4
29.8
29.8
30.0
30.0
30.2
30.4
30.8
30.8
31.0
30.8
31.200000000000003
31.200000000000003
31.0
31.0
30.4
29.6
29.000000000000004
28.4
28.4
28.200000000000003
28.200000000000003
28.4
29.8
30.0
30.0
30.0
30.2
30.4
30.6
30.6
30.6
30.8
30.8
30.8
30.8
30.8
30.6
30.4
29.6
29.2
28.6
28.6
28.4
28.4
29.6
30.2
30.2
30.4
30.4
30.8
31.0
31.0
31.0
31.200000000000003
31.200000000000003
31.200000000000003
31.200000000000003
31.0
31.0
30.2
29.6
29.000000000000004
28.6
28.4
28.4
28.0
28.799999999999997
30.8
30.6
30.6
30.8
31.0
31.0
31.0
31.0
31.200000000000003
31.0
31.0
30.4
29.8
29.4
29.2
28.799999999999997
28.799999999999997
28.799999999999997
29.000000000000004
29.6
29.8
30.0
30.2
30.6
30.8
30.8
31.200000000000003
31.400000000000002
31.400000000000002
31.6
31.400000000000002
31.400000000000002
31.400000000000002
31.200000000000003
31.200000000000003
30.6
30.0
29.2
28.799999999999997
28.6
28.200000000000003
28.4
31.200000000000003
30.8
30.6
30.6
30.8
31.0
31.0
31.200000000000003
31.200000000000003
31.200000000000003
31.200000000000003
31.400000000000002
31.0
30.4
29.6
29.4
29.2
28.799999999999997
28.6
28.799999999999997
30.4
30.4
30.4
30.8
30.8
31.200000000000003
31.400000000000002
31.400000000000002
31.400000000000002
31.6
31.6
31.799999999999997
31.6
31.0
30.2
29.4
28.799999999999997
29.000000000000004
28.799999999999997
28.799999999999997
29.4
30.4
30.4
30.6
30.8
30.8
31.0
31.200000000000003
31.200000000000003
31.400000000000002
31.400000000000002
31.200000000000003
31.200000000000003
31.400000000000002
31.200000000000003
31.0
29.8
29.6
29.2
29.000000000000004
28.799999999999997
29.2
30.6
30.8
30.8
31.0
31.400000000000002
31.400000000000002
31.6
31.799999999999997
32.0
32.0
32.0
31.6
31.6
31.400000000000002
31.0
30.2
29.8
29.4
29.000000000000004
28.799999999999997
28.799999999999997
31.6
31.200000000000003
31.200000000000003
31.200000000000003
31.200000000000003
31.400000000000002
31.6
31.799999999999997
31.400000000000002
31.6
31.6
31.0
30.0
29.6
29.6
29.4
29.2
29.4
29.000000000000004
30.0
30.4
30.6
30.8
31.0
31.200000000000003
31.6
31.799999999999997
31.799999999999997
32.0
32.0
32.0
32.0
32.0
31.799999999999997
31.200000000000003
30.4
29.4
29.4
29.000000000000004
28.799999999999997
29.000000000000004
31.6
31.200000000000003
31.200000000000003
31.200000000000003
31.400000000000002
31.400000000000002
31.400000000000002
31.799999999999997
31.799999999999997
31.799999999999997
31.6
31.6
31.200000000000003
30.4
29.8
29.6
29.4
29.4
29.2
30.8
30.8
30.8
31.0
31.400000000000002
31.6
31.799999999999997
32.0
32.0
32.199999999999996
32.199999999999996
32.199999999999996
32.0
31.200000000000003
30.4
29.8
29.6
29.4
29.4
29.4
30.4
30.8
31.0
30.8
31.200000000000003
31.400000000000002
31.6
32.0
32.0
32.0
31.799999999999997
31.799999999999997
31.799999999999997
31.799999999999997
31.0
30.4
30.0
29.6
29.4
29.2
30.4
31.0
31.0
31.200000000000003
31.6
32.0
32.0
32.0
32.400000000000006
32.199999999999996
32.400000000000006
32.199999999999996
32.199999999999996
32.0
31.799999999999997
30.6
30.0
29.6
29.4
29.2
29.2
31.6
31.400000000000002
31.400000000000002
31.400000000000002
31.6
31.799999999999997
31.799999999999997
32.0
32.199999999999996
32.0
32.0
31.0
30.4
30.0
29.8
29.8
29.6
29.6
30.4
30.6
30.8
31.0
31.400000000000002
31.400000000000002
32.0
32.199999999999996
32.400000000000006
32.400000000000006
32.400000000000006
32.199999999999996
32.599999999999994
32.199999999999996
31.799999999999997
31.400000000000002
30.6
30.0
29.4
29.2
29.4
30.0
31.6
31.400000000000002
31.400000000000002
31.799999999999997
31.799999999999997
32.0
32.199999999999996
32.199999999999996
32.199999999999996
32.0
32.0
31.6
30.8
30.2
30.0
29.6
29.4
29.6
31.0
31.0
31.200000000000003
31.400000000000002
31.799999999999997
32.0
32.199999999999996
32.400000000000006
32.599999999999994
32.599999999999994
32.599999999999994
32.599999999999994
32.400000000000006
31.0
30.2
29.8
29.8
29.6
29.6
30.8
30.8
31.0
31.200000000000003
31.6
31.799999999999997
31.799999999999997
32.0
32.199999999999996
32.199999999999996
32.199999999999996
32.199999999999996
32.199999999999996
32.0
31.200000000000003
30.8
30.2
29.8
29.6
29.6
30.8
31.200000000000003
31.400000000000002
31.6
31.799999999999997
32.199999999999996
32.400000000000006
32.599999999999994
32.599999999999994
32.599999999999994
32.599999999999994
32.599999999999994
32.400000000000006
32.199999999999996
31.400000000000002
30.6
29.6
29.8
29.6
29.4
30.4
31.6
31.6
31.799999999999997
32.0
32.199999999999996
32.400000000000006
32.199999999999996
32.400000000000006
32.400000000000006
32.400000000000006
31.200000000000003
30.8
30.6
30.2
30.2
30.0
29.8
30.8
31.0
31.200000000000003
31.400000000000002
31.6
32.199999999999996
32.199999999999996
32.400000000000006
32.599999999999994
32.599999999999994
32.800000000000004
32.599999999999994
32.599999999999994
32.199999999999996
32.0
31.200000000000003
30.4
30.0
29.2
29.4
30.0
32.0
32.0
31.799999999999997
32.0
32.0
32.199999999999996
32.400000000000006
32.199999999999996
32.400000000000006
32.199999999999996
32.400000000000006
32.0
31.200000000000003
30.4
30.4
30.0
29.8
29.6
31.200000000000003
31.400000000000002
31.400000000000002
32.0
32.400000000000006
32.400000000000006
32.400000000000006
32.800000000000004
32.800000000000004
32.800000000000004
33.0
32.800000000000004
32.0
30.8
30.4
30.2
30.0
29.8
30.0
31.200000000000003
31.200000000000003
31.6
31.6
31.799999999999997
32.0
32.400000000000006
32.400000000000006
32.400000000000006
32.400000000000006
32.199999999999996
32.400000000000006
32.400000000000006
31.799999999999997
31.0
30.2
30.0
30.0
29.8
31.0
31.400000000000002
31.799999999999997
32.0
32.199999999999996
32.599999999999994
32.599999999999994
32.800000000000004
33.0
32.800000000000004
33.2
32.800000000000004
32.400000000000006
32.199999999999996
31.200000000000003
30.8
30.2
29.8
29.8
29.6
32.0
31.6
32.0
32.0
32.400000000000006
32.800000000000004
32.800000000000004
32.599999999999994
32.800000000000004
32.599999999999994
31.799999999999997
31.200000000000003
30.8
30.4
30.2
29.8
29.8
30.6
31.0
31.200000000000003
31.6
32.0
32.199999999999996
32.599999999999994
32.599999999999994
33.0
33.0
33.0
33.0
32.800000000000004
32.800000000000004
32.400000000000006
31.200000000000003
30.6
30.2
29.8
29.8
30.2
32.0
31.799999999999997
32.0
32.199999999999996
32.400000000000006
32.400000000000006
32.599999999999994
32.800000000000004
32.599999999999994
32.599999999999994
32.599999999999994
31.799999999999997
31.200000000000003
30.6
30.4
30.2
30.0
30.4
31.400000000000002
31.6
32.0
32.199999999999996
32.599999999999994
32.800000000000004
33.0
33.2
33.2
33.0
33.2
32.599999999999994
31.200000000000003
30.6
30.4
30.2
30.0
30.2
31.0
31.400000000000002
31.6
31.799999999999997
31.799999999999997
32.400000000000006
32.599999999999994
32.400000000000006
32.599999999999994
32.800000000000004
32.800000000000004
32.599999999999994
32.400000000000006
31.799999999999997
31.0
30.6
30.0
30.2
30.0
31.799999999999997
31.799999999999997
32.0
32.0
32.599999999999994
32.599999999999994
33.0
33.0
33.0
33.2
33.0
33.0
32.800000000000004
32.199999999999996
31.200000000000003
31.0
30.2
30.0
29.8
30.8
32.199999999999996
32.199999999999996
32.199999999999996
32.599999999999994
32.599999999999994
32.800000000000004
33.0
33.0
32.800000000000004
32.400000000000006
31.400000000000002
31.0
30.8
30.6
30.4
30.2
31.0
31.200000000000003
31.200000000000003
31.799999999999997
32.0
32.400000000000006
32.800000000000004
32.800000000000004
33.2
33.2
33.2
33.2
33.2
32.800000000000004
32.400000000000006
31.400000000000002
30.8
30.2
30.0
29.8
30.2
32.400000000000006
32.0
32.400000000000006
32.400000000000006
32.599999999999994
32.800000000000004
32.800000000000004
32.800000000000004
32.800000000000004
32.800000000000004
32.599999999999994
31.799999999999997
31.200000000000003
30.8
30.6
30.2
30.2
31.400000000000002
31.799999999999997
32.0
32.199999999999996
32.800000000000004
32.800000000000004
33.0
33.2
33.4
33.4
33.2
33.2
32.0
31.200000000000003
30.6
30.4
30.2
30.2
31.0
31.400000000000002
31.6
31.799999999999997
32.199999999999996
32.400000000000006
32.599999999999994
32.800000000000004
32.800000000000004
32.800000000000004
32.800000000000004
33.0
32.800000000000004
32.199999999999996
31.400000000000002
31.0
30.4
30.2
30.2
32.0
31.799999999999997
32.0
32.199999999999996
32.599999999999994
33.2
33.0
33.2
33.4
33.4
33.2
33.2
33.0
32.0
31.0
30.8
30.2
30.2
30.0
31.200000000000003
32.199999999999996
32.400000000000006
32.400000000000006
32.599999999999994
32.599999999999994
33.0
33.0
33.0
33.0
32.199999999999996
31.400000000000002
31.200000000000003
30.6
30.8
30.4
30.2
31.0
31.400000000000002
31.6
32.199999999999996
32.400000000000006
32.800000000000004
33.0
33.2
33.4
33.6
33.2
33.2
33.2
32.800000000000004
32.0
31.0
30.6
30.2
30.0
30.4
32.400000000000006
32.199999999999996
32.400000000000006
32.400000000000006
32.800000000000004
32.599999999999994
33.0
33.2
33.0
33.0
32.800000000000004
32.199999999999996
31.200000000000003
31.0
30.4
30.4
30.4
31.400000000000002
31.799999999999997
32.0
32.199999999999996
32.599999999999994
33.0
33.0
33.2
33.4
33.4
33.4
33.2
32.400000000000006
31.0
30.6
30.4
30.4
30.2
31.200000000000003
31.400000000000002
31.799999999999997
32.199999999999996
32.599999999999994
32.400000000000006
32.800000000000004
32.800000000000004
33.2
32.800000000000004
33.2
33.2
33.0
32.199999999999996
31.200000000000003
31.0
30.6
30.2
30.4
32.199999999999996
32.0
32.400000000000006
32.599999999999994
32.800000000000004
33.2
33.4
33.6
33.6
33.4
33.2
33.2
32.800000000000004
31.6
31.200000000000003
30.6
30.4
30.0
30.6
32.400000000000006
32.599999999999994
32.400000000000006
32.800000000000004
33.0
33.0
33.2
33.2
33.2
32.599999999999994
32.0
31.400000000000002
31.0
30.6
30.6
30.8
31.0
31.400000000000002
31.799999999999997
32.0
32.400000000000006
32.800000000000004
33.2
33.2
33.4
33.4
33.6
33.2
33.4
33.0
32.199999999999996
31.400000000000002
30.6
30.6
30.2
30.4
32.599999999999994
32.400000000000006
32.400000000000006
32.599999999999994
32.800000000000004
33.0
33.2
33.2
33.2
33.0
32.800000000000004
32.0
31.400000000000002
30.8
30.8
30.6
30.6
31.6
32.0
32.400000000000006
32.599999999999994
33.0
33.2
33.4
33.4
33.6
33.6
33.4
33.2
32.0
31.200000000000003
30.6
30.2
30.6
30.8
31.400000000000002
31.799999999999997
32.199999999999996
32.400000000000006
32.599999999999994
32.800000000000004
33.0
33.0
33.2
33.2
33.4
33.2
32.800000000000004
31.799999999999997
31.200000000000003
30.8
30.6
30.4
31.799999999999997
32.199999999999996
32.400000000000006
32.599999999999994
32.800000000000004
33.2
33.4
33.6
33.6
33.4
33.6
33.4
33.0
32.199999999999996
31.200000000000003
30.8
30.6
30.0
30.4
32.599999999999994
32.400000000000006
32.599999999999994
32.800000000000004
33.0
33.2
33.2
33.6
33.4
33.0
32.0
31.400000000000002
31.200000000000003
30.8
30.6
30.8
31.200000000000003
31.400000000000002
31.799999999999997
32.199999999999996
32.599999999999994
32.800000000000004
33.2
33.6
33.6
33.8
33.6
33.4
33.4
33.0
32.400000000000006
31.200000000000003
31.0
30.6
30.2
30.6
32.599999999999994
32.599999999999994
32.599999999999994
32.599999999999994
33.0
33.2
33.2
33.4
33.2
33.2
32.800000000000004
32.199999999999996
31.400000000000002
31.0
30.8
30.6
31.0
31.799999999999997
32.199999999999996
32.599999999999994
32.599999999999994
33.0
33.4
33.4
33.6
33.8
33.8
33.6
32.599999999999994
31.799999999999997
31.0
30.8
30.6
30.6
31.400000000000002
31.6
31.799999999999997
32.400000000000006
32.599999999999994
32.800000000000004
33.0
33.2
33.2
33.4
33.2
33.2
33.2
32.599999999999994
31.400000000000002
31.200000000000003
30.6
30.6
31.0
32.0
32.400000000000006
32.599999999999994
32.800000000000004
33.2
33.4
33.4
34.0
33.8
33.6
33.4
33.2
32.599999999999994
31.6
31.0
30.8
30.4
30.2
32.599999999999994
32.400000000000006
32.599999999999994
32.800000000000004
33.0
33.2
33.4
33.4
33.4
33.2
32.199999999999996
31.799999999999997
31.400000000000002
31.0
30.8
30.8
31.200000000000003
31.6
31.799999999999997
32.199999999999996
32.400000000000006
33.0
33.2
33.4
33.8
33.8
33.8
33.6
33.4
33.4
32.400000000000006
31.400000000000002
30.8
30.6
30.6
30.6
32.400000000000006
32.599999999999994
32.800000000000004
33.0
33.0
33.2
33.2
33.4
33.4
33.4
32.800000000000004
32.199999999999996
31.400000000000002
31.0
31.0
30.6
30.8
32.0
32.199999999999996
32.400000000000006
33.0
33.2
33.4
33.6
33.8
33.8
33.8
33.8
32.599999999999994
31.799999999999997
31.200000000000003
30.8
30.6
30.6
31.400000000000002
31.799999999999997
32.0
32.400000000000006
32.599999999999994
32.800000000000004
33.0
33.2
33.2
33.6
33.4
33.4
33.0
32.0
31.400000000000002
31.0
30.8
30.6
31.200000000000003
32.199999999999996
32.400000000000006
32.599999999999994
33.0
33.4
33.4
33.8
34.0
34.0
33.8
33.4
33.4
32.199999999999996
31.400000000000002
30.8
30.6
