35.12
35.28
35.36
35.519999999999996
35.60000000000001
35.12
35.36
35.44
35.199999999999996
35.12
35.28
35.36
35.44
35.519999999999996
35.199999999999996
35.199999999999996
35.36
35.12
35.36
24.48
24.48
24.48
24.48
24.48
24.48
24.48
24.48
24.48
24.48
24.48
24.48
24.48
24.48
24.48
24.48
24.48
24.48
24.48
24.48
24.48
24.48
24.48
24.48
24.48
24.48
24.48
24.48
24.48
24.48
24.48
24.48
24.48
24.48
24.48
24.48
24.48
24.48
24.48
24.48
24.48
24.48
24.48
24.48
24.48
24.48
24.48
24.48
24.48
24.48
24.48
24.48
24.48
24.48
24.48
24.48
24.48
24.48
24.48
24.48
24.48
24.48
24.48
24.48
24.48
24.48
24.48
24.48
24.48
24.48
24.48
24.48
24.48
24.48
24.48
24.48
24.48
24.48
24.48
24.48
24.48
24.48
24.48
24.48
24.48
24.48
24.48
24.48
24.48
24.48
24.48
24.48
24.48
24.48
24.48
24.48
24.48
24.48
24.48
24.48
24.48
24.48
24.48
24.48
24.48
24.48
24.48
24.48
24.48
24.48
24.48
24.48
24.48
24.48
24.48
24.48
24.48
24.48
24.48
24.48
24.48
24.48
24.48
24.48
24.48
24.48
24.48
24.48
24.48
24.48
24.48
24.48
24.48
24.48
24.48
24.48
24.48
24.48
24.48
24.48
24.48
24.48
24.48
24.48
24.48
24.48
24.48
24.48
24.48
24.48
24.48
24.48
24.48
24.48
24.48
24.48
24.48
24.48
24.48
24.48
24.48
24.48
24.48
24.48
24.48
24.48
24.48
24.48
24.48
24.48
24.48
24.48
24.48
24.48
24.48
24.48
24.48
24.48
24.48
24.48
24.48
24.48
24.48
24.48
24.48
24.48
24.48
24.48
24.48
24.48
24.48
24.48
24.48
24.48
24.48
24.48
24.48
24.48
24.48
24.48
24.48
24.48
24.48
24.48
24.48
24.48
24.48
24.48
24.48
24.48
24.48
24.48
24.48
24.48
24.48
24.48
24.48
24.48
24.48
24.48
24.48
24.48
24.48
24.48
24.48
24.48
24.48
24.48
24.48
24.48
24.48
24.48
24.48
24.48
24.48
24.48
24.48
24.48
24.48
24.48
24.48
24.48
24.48
24.48
24.48
24.48
24.48
24.48
24.48
24.48
36.24000000000001
36.24000000000001
36.32
36.4
36.08
36.16
36.08
35.92
36.24000000000001
35.839999999999996
36.08
36.08
36.24000000000001
36.32
35.92
35.92
35.92
35.839999999999996
36.08
35.76
36.0
36.16
36.08
36.24000000000001
35.68
36.0
36.0
35.68
36.0
35.76
35.68
36.16
36.0
36.08
35.839999999999996
35.839999999999996
35.92
35.839999999999996
35.519999999999996
35.839999999999996
35.68
35.92
36.16
35.76
35.68
35.60000000000001
35.60000000000001
35.839999999999996
35.60000000000001
35.839999999999996
35.839999999999996
36.0
36.08
35.519999999999996
35.76
35.76
35.60000000000001
35.76
35.519999999999996
35.60000000000001
36.0
36.0
35.76
35.68
35.68
35.44
35.68
35.519999999999996
35.68
35.76
35.92
35.839999999999996
35.519999999999996
35.60000000000001
35.519999999999996
35.44
35.519999999999996
35.28
35.44
35.76
35.68
35.68
35.44
35.60000000000001
35.28
35.68
35.28
35.44
35.68
35.68
35.92
35.28
35.60000000000001
35.519999999999996
35.36
35.44
35.519999999999996
35.36
35.60000000000001
35.76
35.519999999999996
35.44
35.44
35.36
35.60000000000001
35.28
35.44
35.60000000000001
35.60000000000001
35.68
35.44
35.36
35.36
35.60000000000001
35.28
35.36
35.44
35.60000000000001
35.68
35.36
35.36
35.519999999999996
35.199999999999996
35.28
35.28
35.28
35.60000000000001
35.68
35.36
35.28
35.36
35.28
35.519999999999996
35.04
35.36
35.519999999999996
35.519999999999996
35.68
35.36
35.36
35.44
35.519999999999996
35.199999999999996
35.36
35.44
35.60000000000001
35.60000000000001
35.199999999999996
35.44
35.44
35.199999999999996
35.28
35.36
35.28
35.36
35.68
35.199999999999996
35.28
35.36
35.199999999999996
35.44
35.12
35.28
35.60000000000001
35.519999999999996
35.28
35.36
35.36
35.28
35.519999999999996
35.28
35.36
35.36
35.519999999999996
35.519999999999996
35.12
35.28
35.28
35.28
35.12
35.28
35.36
35.519999999999996
35.04
35.199999999999996
35.28
35.36
35.12
35.28
35.28
35.28
35.60000000000001
35.60000000000001
35.36
35.28
35.28
35.28
35.519999999999996
35.12
35.199999999999996
35.60000000000001
35.60000000000001
35.519999999999996
35.28
35.28
35.199999999999996
35.519999999999996
35.199999999999996
35.199999999999996
35.36
35.36
35.519999999999996
35.199999999999996
35.44
35.44
35.28
35.199999999999996
35.36
35.28
35.519999999999996
35.60000000000001
35.36
35.44
35.28
35.12
35.28
35.199999999999996
35.12
35.60000000000001
35.60000000000001
35.44
35.44
35.36
35.199999999999996
35.519999999999996
35.12
35.199999999999996
35.519999999999996
35.44
35.44
35.199999999999996
35.36
35.28
35.519999999999996
35.12
35.36
35.36
35.60000000000001
35.519999999999996
35.12
35.36
35.44
35.36
35.199999999999996
35.28
35.199999999999996
35.44
35.60000000000001
35.199999999999996
35.44
35.36
35.28
35.44
35.199999999999996
35.12
35.519999999999996
35.44
35.36
35.36
35.36
35.44
35.44
35.199999999999996
35.36
35.519999999999996
35.519999999999996
35.60000000000001
35.28
35.199999999999996
35.36
35.519999999999996
35.12
35.36
35.44
35.519999999999996
35.60000000000001
35.12
35.44
35.44
35.28
35.28
35.36
35.199999999999996
35.44
35.60000000000001
35.28
35.28
35.199999999999996
35.199999999999996
35.519999999999996
35.28
35.12
35.60000000000001
35.60000000000001
35.28
35.28
35.28
35.28
35.44
35.199999999999996
35.28
35.519999999999996
35.519999999999996
35.519999999999996
35.28
35.44
35.36
35.44
35.12
35.36
35.44
35.60000000000001
35.60000000000001
35.199999999999996
35.28
35.36
35.12
35.28
35.36
35.199999999999996
35.36
35.68
35.28
35.199999999999996
35.28
35.28
35.36
35.12
35.28
35.44
35.519999999999996
35.36
35.199999999999996
35.28
35.199999999999996
35.28
35.199999999999996
35.36
35.36
35.519999999999996
35.519999999999996
35.199999999999996
35.28
35.44
35.28
35.199999999999996
35.28
35.36
35.519999999999996
35.60000000000001
35.12
35.44
35.36
35.199999999999996
35.28
35.28
35.12
35.28
35.68
35.36
35.199999999999996
35.36
35.199999999999996
35.44
35.04
35.12
35.68
35.519999999999996
35.36
35.44
35.28
35.199999999999996
35.519999999999996
35.12
35.28
35.36
35.36
35.44
35.839999999999996
35.92
36.24000000000001
36.4
36.0
36.4
36.48
36.64
36.879999999999995
36.48
36.56
36.56
36.48
36.8
36.32
36.8
36.56
37.04
37.04
37.04
36.8
37.04
36.96
36.96
37.28
36.8
37.04
37.04
37.519999999999996
37.44
37.519999999999996
37.36
37.199999999999996
37.519999999999996
37.28
37.519999999999996
37.519999999999996
37.36
37.6
37.68
37.68
37.92
37.92
37.68
37.68
38.0
37.839999999999996
37.68
38.08
37.76
38.0
37.76
38.48
38.32
38.48
38.08
38.08
38.32
38.4
38.32
38.0
38.56
38.24
38.64
38.32
38.72
38.56
38.879999999999995
38.8
38.56
38.64
38.64
38.8
38.56
38.879999999999995
38.8
38.56
38.879999999999995
38.72
38.96
39.12
39.2
39.36
38.96
39.12
39.04
39.12
39.04
38.879999999999995
39.2
38.96
39.28
39.36
39.519999999999996
39.44
39.519999999999996
39.519999999999996
39.28
39.2
39.2
39.2
39.36
39.36
39.36
39.6
39.36
39.6
39.68
39.68
39.84
39.92
39.92
39.76
39.6
39.68
39.76
39.76
39.68
39.6
39.92
39.6
39.6
39.76
39.6
39.84
39.84
40.0
40.0
39.76
39.6
39.68
39.84
39.84
39.68
39.6
40.0
39.6
39.68
39.92
39.68
40.16
40.08
40.24
40.16
40.0
39.76
39.92
40.16
40.08
40.08
40.0
40.4
39.92
39.92
40.32
40.16
40.4
40.56
40.480000000000004
40.64
40.480000000000004
40.16
40.24
40.24
40.24
40.32
40.24
40.24
40.4
39.92
40.0
40.16
40.08
40.24
40.24
40.480000000000004
40.480000000000004
40.32
40.16
40.32
40.480000000000004
40.4
40.480000000000004
40.32
40.64
40.32
40.24
40.480000000000004
40.4
40.32
40.64
40.480000000000004
40.4
40.4
40.08
40.08
40.32
40.4
40.56
40.4
40.24
40.8
40.4
40.32
40.64
40.56
40.480000000000004
40.8
40.64
40.480000000000004
40.480000000000004
40.16
40.0
40.24
40.4
40.480000000000004
40.64
40.4
40.72
40.56
40.4
40.72
40.56
40.56
40.72
40.480000000000004
40.480000000000004
40.4
40.4
40.32
40.480000000000004
40.64
40.64
40.480000000000004
40.56
40.72
40.64
40.32
40.64
40.480000000000004
40.4
40.480000000000004
40.24
40.56
40.64
40.480000000000004
40.480000000000004
40.480000000000004
40.64
40.64
40.72
40.480000000000004
40.72
40.56
40.4
40.32
40.480000000000004
40.16
40.56
40.64
40.72
40.8
40.8
40.480000000000004
40.64
40.64
40.64
40.480000000000004
40.56
40.56
40.56
40.16
40.16
40.480000000000004
40.4
40.8
40.8
40.88
40.88
40.8
40.56
40.56
40.56
40.64
40.32
40.32
40.24
40.64
40.32
40.24
40.64
40.64
40.8
40.88
40.8
40.8
40.72
40.480000000000004
40.32
40.24
40.32
40.480000000000004
40.64
40.480000000000004
40.64
40.4
40.4
40.8
40.56
40.64
40.72
40.72
40.64
40.64
40.16
40.24
40.32
40.64
40.480000000000004
40.56
40.56
40.8
40.64
40.32
40.72
40.56
40.32
40.56
40.4
40.56
40.64
40.56
40.480000000000004
40.64
40.72
40.64
40.72
40.56
40.72
40.64
40.24
40.24
40.4
40.32
40.72
40.8
40.72
40.96
40.88
40.56
40.72
40.72
40.480000000000004
40.480000000000004
40.480000000000004
40.24
40.480000000000004
40.24
40.24
40.64
40.64
40.72
40.96
40.88
41.04
40.8
40.56
40.32
40.480000000000004
40.32
40.32
40.32
40.32
40.8
40.480000000000004
40.480000000000004
40.72
40.72
40.72
40.8
40.72
40.72
40.56
40.16
40.08
40.4
40.56
40.72
40.64
40.64
40.8
40.64
40.56
40.64
40.64
40.480000000000004
40.64
40.480000000000004
40.56
40.64
40.56
40.480000000000004
40.72
40.64
40.72
40.72
40.480000000000004
40.64
40.56
40.32
40.32
40.480000000000004
40.16
40.72
40.72
40.8
40.88
40.8
40.64
40.64
40.64
40.64
40.480000000000004
40.4
40.32
40.56
40.16
40.24
40.64
40.56
40.88
40.96
40.8
40.88
40.88
40.480000000000004
40.4
40.4
40.32
40.4
40.480000000000004
40.4
40.8
40.480000000000004
40.4
40.72
40.72
40.72
40.88
40.8
40.72
40.64
40.32
40.08
40.480000000000004
40.64
40.56
40.64
40.56
40.88
40.72
40.56
40.72
40.56
40.4
40.56
40.4
40.64
40.72
40.64
40.56
40.64
40.72
40.64
40.64
40.64
40.64
40.64
40.16
40.16
40.480000000000004
40.480000000000004
40.72
40.72
40.88
41.04
40.88
40.72
40.64
40.64
40.64
40.56
40.32
40.24
40.56
40.16
40.64
41.2
41.04
41.120000000000005
41.2
41.04
41.2
40.72
40.24
40.4
40.4
40.24
40.08
39.84
40.0
39.519999999999996
39.44
39.76
39.76
39.92
39.84
39.92
39.36
38.879999999999995
39.04
39.12
39.12
38.8
38.96
38.56
38.8
38.72
38.879999999999995
38.72
38.879999999999995
38.72
38.32
38.32
38.32
38.32
37.92
38.16
37.92
38.08
38.0
38.24
38.16
38.16
37.839999999999996
37.6
37.76
37.839999999999996
37.519999999999996
37.68
37.28
37.519999999999996
37.68
37.6
37.839999999999996
37.6
37.199999999999996
37.36
37.199999999999996
37.199999999999996
37.36
37.04
37.28
37.12
37.36
37.12
37.199999999999996
36.8
36.96
36.96
36.879999999999995
37.12
36.8
36.8
36.879999999999995
37.04
37.04
36.8
36.64
36.64
36.8
36.48
36.72
36.32
36.56
36.64
36.8
36.72
36.56
36.4
36.48
36.4
36.56
36.4
36.48
36.4
36.56
36.64
36.4
36.32
36.32
36.32
36.32
36.08
36.24000000000001
36.08
36.56
36.48
36.32
36.16
36.16
36.16
35.92
36.16
36.16
35.92
36.4
36.4
36.16
36.0
36.0
36.16
35.92
35.839999999999996
36.08
35.92
36.16
36.16
35.92
35.839999999999996
35.92
35.76
36.08
35.76
35.839999999999996
35.839999999999996
36.0
36.16
35.839999999999996
35.68
35.839999999999996
35.839999999999996
36.0
35.60000000000001
35.839999999999996
35.92
36.0
36.08
35.519999999999996
35.68
35.839999999999996
35.519999999999996
35.68
35.60000000000001
35.519999999999996
36.0
36.0
35.68
35.44
35.76
35.519999999999996
35.839999999999996
35.519999999999996
35.60000000000001
35.68
35.839999999999996
35.839999999999996
35.60000000000001
35.68
35.60000000000001
35.44
35.68
35.44
35.36
35.92
35.839999999999996
35.68
35.519999999999996
35.44
35.44
35.76
35.36
35.36
35.60000000000001
35.76
35.76
35.36
35.60000000000001
35.60000000000001
35.28
35.60000000000001
35.44
35.36
35.68
35.76
35.519999999999996
35.28
35.519999999999996
35.44
35.68
35.36
35.519999999999996
35.519999999999996
35.60000000000001
35.76
35.36
35.519999999999996
35.519999999999996
35.519999999999996
35.28
35.519999999999996
35.44
35.60000000000001
35.68
35.36
35.44
35.44
35.36
35.519999999999996
35.28
35.28
35.60000000000001
35.60000000000001
35.519999999999996
35.36
35.44
35.28
35.519999999999996
35.199999999999996
35.44
35.68
35.60000000000001
35.60000000000001
35.28
35.28
35.519999999999996
35.44
35.28
35.28
35.44
35.519999999999996
35.68
35.28
35.44
35.44
35.12
35.44
35.28
35.28
35.519999999999996
35.76
35.36
35.28
35.44
35.36
35.44
35.12
35.28
35.60000000000001
35.60000000000001
35.519999999999996
35.44
35.44
35.28
35.519999999999996
35.04
35.36
35.44
35.519999999999996
35.60000000000001
35.28
35.28
35.28
35.44
35.12
35.36
35.36
35.519999999999996
35.60000000000001
35.36
35.36
35.519999999999996
35.12
35.199999999999996
35.28
35.28
35.36
35.60000000000001
35.28
35.199999999999996
35.28
35.199999999999996
35.44
35.12
35.199999999999996
35.519999999999996
35.60000000000001
35.36
35.199999999999996
35.36
35.28
35.44
35.12
35.199999999999996
35.36
35.44
35.36
35.199999999999996
35.28
35.199999999999996
35.44
35.199999999999996
35.28
35.44
35.44
35.44
35.28
35.199999999999996
35.36
35.28
35.04
35.28
35.28
35.44
35.519999999999996
35.12
35.28
35.28
34.96000000000001
35.12
35.199999999999996
35.199999999999996
35.36
35.519999999999996
35.28
35.36
35.199999999999996
35.199999999999996
35.28
35.12
35.12
35.36
35.60000000000001
35.28
35.199999999999996
35.199999999999996
35.199999999999996
35.44
34.96000000000001
35.199999999999996
35.44
35.44
35.36
35.199999999999996
35.28
35.199999999999996
35.519999999999996
35.04
35.199999999999996
35.36
35.36
35.44
35.12
35.04
35.199999999999996
35.36
35.04
35.28
35.28
35.519999999999996
35.44
35.04
35.199999999999996
35.199999999999996
35.199999999999996
34.96000000000001
35.28
35.199999999999996
35.36
35.44
34.96000000000001
35.12
35.36
35.04
35.12
35.28
35.199999999999996
35.36
35.36
35.199999999999996
35.12
35.36
34.96000000000001
35.28
35.44
34.96000000000001
35.12
35.519999999999996
35.12
35.199999999999996
35.04
35.12
35.44
34.72
35.04
35.44
35.36
35.28
35.36
35.36
35.28
35.28
34.96000000000001
35.12
35.44
35.44
35.36
35.199999999999996
35.12
35.36
35.36
34.96000000000001
35.36
35.36
35.44
35.44
35.12
35.28
35.28
35.36
35.12
35.28
35.28
35.44
35.28
35.12
35.199999999999996
35.36
35.28
35.04
35.28
35.28
35.36
35.36
35.04
35.199999999999996
35.28
35.12
34.96000000000001
35.44
35.199999999999996
35.28
35.519999999999996
35.12
35.199999999999996
35.199999999999996
35.04
35.12
35.199999999999996
35.199999999999996
35.44
35.28
35.199999999999996
35.199999999999996
35.28
35.04
35.12
35.12
35.04
35.199999999999996
35.44
35.28
35.199999999999996
35.28
35.12
35.28
35.04
35.04
35.44
35.519999999999996
35.28
34.96000000000001
35.12
35.12
35.28
34.8
35.199999999999996
35.36
35.60000000000001
35.12
35.199999999999996
35.199999999999996
35.04
35.28
34.96000000000001
35.04
35.28
35.199999999999996
35.199999999999996
35.12
35.68
35.92
36.4
36.08
36.4
36.64
36.64
36.8
36.48
36.56
36.56
36.56
36.72
36.4
36.64
36.8
37.04
37.12
36.96
36.72
37.04
36.8
37.199999999999996
36.4
37.12
36.96
37.44
37.519999999999996
37.44
37.28
37.12
37.44
37.36
37.28
37.68
37.199999999999996
37.44
37.76
37.68
38.0
37.92
37.6
37.6
37.76
37.68
37.6
37.92
37.6
37.92
37.92
38.4
38.24
38.32
38.16
38.08
38.16
38.0
38.0
38.24
38.32
38.08
38.24
38.4
38.72
38.72
38.72
38.4
38.24
38.56
38.64
38.64
38.48
38.72
38.32
38.56
38.8
38.8
39.04
39.04
39.04
38.72
38.8
38.96
38.96
39.12
38.879999999999995
39.36
38.8
38.8
39.04
38.96
39.28
39.44
39.68
39.519999999999996
39.2
39.36
39.44
39.36
39.28
39.04
39.6
39.04
39.28
39.44
39.519999999999996
39.76
39.68
39.92
39.84
39.519999999999996
39.6
39.68
39.6
39.68
39.44
39.76
39.44
39.28
39.68
39.6
39.68
39.68
39.68
39.68
39.519999999999996
39.36
39.6
39.6
39.76
39.76
39.68
40.0
39.68
39.76
39.92
39.84
40.16
40.0
40.16
40.08
39.92
39.84
39.92
40.0
40.08
39.92
40.0
40.0
39.76
40.08
40.08
40.0
40.24
40.16
40.16
40.16
39.92
39.84
39.92
40.0
40.0
39.92
39.84
40.08
39.68
39.76
40.0
39.84
40.24
40.16
40.24
40.32
40.08
39.92
40.0
40.16
40.32
40.16
40.16
40.480000000000004
40.16
40.08
40.32
40.32
40.4
40.480000000000004
40.480000000000004
40.56
40.480000000000004
40.16
40.08
40.32
40.24
40.32
40.08
40.24
40.24
39.92
40.0
40.08
39.84
40.4
40.480000000000004
40.32
40.480000000000004
40.24
40.16
40.32
40.480000000000004
40.4
40.56
40.4
40.480000000000004
40.4
40.16
40.4
40.4
40.32
40.56
40.4
40.480000000000004
40.4
40.08
40.0
40.0
40.16
40.24
40.16
40.24
40.56
40.24
40.24
40.4
40.480000000000004
40.56
40.72
40.64
40.64
40.56
40.24
40.24
40.32
40.32
40.16
40.08
39.92
40.32
40.08
40.16
40.480000000000004
40.4
40.64
40.72
40.64
40.72
40.72
40.32
40.4
40.56
40.56
40.4
40.24
40.24
40.16
39.84
40.0
40.32
40.16
40.56
40.480000000000004
40.56
40.8
40.64
40.4
40.480000000000004
40.4
40.480000000000004
40.64
40.4
40.480000000000004
40.64
40.0
40.0
40.24
40.08
40.480000000000004
40.56
40.64
40.72
40.64
40.24
40.56
40.64
40.480000000000004
40.56
40.32
40.56
40.56
40.24
40.24
40.32
40.0
40.480000000000004
40.32
40.480000000000004
40.64
40.480000000000004
40.4
40.56
40.56
40.56
40.56
40.4
40.64
40.64
40.24
40.32
40.4
40.16
40.480000000000004
40.32
40.480000000000004
40.56
40.480000000000004
40.24
40.480000000000004
40.480000000000004
40.56
40.56
40.480000000000004
40.72
40.480000000000004
40.4
40.480000000000004
40.56
40.4
40.56
40.32
40.4
40.480000000000004
40.32
40.24
40.4
40.56
40.56
40.480000000000004
40.480000000000004
40.64
40.64
40.32
40.480000000000004
40.56
40.32
40.56
40.4
40.4
40.56
40.32
40.24
40.480000000000004
40.56
40.480000000000004
40.56
40.480000000000004
40.72
40.56
40.32
40.56
40.56
40.56
40.56
40.56
40.480000000000004
40.56
40.4
40.16
40.480000000000004
40.56
40.56
40.64
40.4
40.8
40.64
40.32
40.56
40.56
40.4
40.56
40.32
40.56
40.56
40.480000000000004
40.32
40.4
40.64
40.64
40.72
40.4
40.8
40.56
40.32
40.480000000000004
40.480000000000004
40.24
40.56
40.480000000000004
40.480000000000004
40.64
40.56
40.32
40.64
40.56
40.56
40.56
40.480000000000004
40.64
40.480000000000004
40.24
40.480000000000004
40.480000000000004
40.24
40.480000000000004
40.480000000000004
40.72
40.8
40.64
40.4
40.480000000000004
40.64
40.56
40.64
40.480000000000004
40.56
40.64
40.16
40.16
40.4
40.24
40.64
40.72
40.88
40.8
40.64
40.480000000000004
40.64
40.64
40.56
40.72
40.32
40.32
40.480000000000004
40.0
40.16
40.480000000000004
40.4
40.8
40.72
40.72
40.88
40.88
40.56
40.56
40.56
40.4
40.32
40.16
40.24
40.64
40.32
40.24
40.72
40.64
40.8
40.8
40.88
40.96
40.64
40.480000000000004
40.24
40.32
40.24
40.32
40.4
40.24
40.8
40.4
40.4
40.72
40.64
40.72
40.88
40.8
40.72
40.56
40.24
40.56
40.88
41.04
41.04
40.8
40.64
40.72
40.4
40.16
40.480000000000004
40.08
40.4
40.08
40.08
40.08
39.68
39.76
39.6
39.76
39.6
39.2
39.36
38.879999999999995
39.12
39.12
39.36
39.2
39.04
39.28
38.879999999999995
38.72
38.72
38.72
38.56
38.72
38.08
38.24
38.4
38.4
38.24
38.48
38.32
37.839999999999996
38.0
38.0
37.76
37.92
37.76
37.44
37.68
37.839999999999996
37.839999999999996
38.0
37.76
37.44
37.519999999999996
37.36
37.44
37.44
37.199999999999996
37.36
37.12
37.6
37.36
37.519999999999996
37.04
37.12
37.28
36.96
37.28
36.8
36.96
36.96
37.28
37.04
37.12
36.56
36.8
36.8
36.72
36.96
36.4
36.64
36.72
36.8
36.96
36.72
36.56
36.48
36.64
36.4
36.32
36.4
36.4
36.72
36.72
36.64
36.24000000000001
36.48
36.4
36.24000000000001
36.4
36.0
36.32
36.4
36.56
36.48
36.16
36.16
36.32
36.16
36.32
35.92
36.32
36.32
36.4
36.48
36.0
36.08
36.0
36.0
36.24000000000001
35.839999999999996
36.08
36.24000000000001
36.24000000000001
36.16
35.92
35.92
35.839999999999996
35.839999999999996
36.0
35.60000000000001
35.839999999999996
36.24000000000001
36.08
36.16
35.839999999999996
35.92
35.92
35.60000000000001
35.839999999999996
35.839999999999996
35.839999999999996
36.08
36.16
35.92
35.839999999999996
35.76
35.68
35.92
35.60000000000001
36.0
35.76
35.839999999999996
36.16
35.60000000000001
35.76
35.92
35.60000000000001
35.76
35.36
35.76
35.92
35.839999999999996
35.92
35.36
35.68
35.60000000000001
35.60000000000001
35.36
35.68
35.60000000000001
35.68
36.0
35.68
35.519999999999996
35.519999999999996
35.44
35.68
35.36
35.519999999999996
35.839999999999996
35.68
35.76
35.519999999999996
35.519999999999996
35.519999999999996
35.60000000000001
35.36
35.60000000000001
35.44
35.68
35.839999999999996
35.36
35.519999999999996
35.36
35.44
35.60000000000001
35.36
35.36
35.68
35.68
35.519999999999996
35.44
35.44
35.36
35.60000000000001
35.28
35.44
35.519999999999996
35.60000000000001
35.68
35.199999999999996
35.44
35.68
35.36
35.28
35.36
35.44
35.519999999999996
35.68
35.36
35.36
35.36
35.36
35.519999999999996
35.12
35.36
35.60000000000001
35.60000000000001
35.519999999999996
35.36
35.44
35.28
35.519999999999996
35.199999999999996
35.36
35.60000000000001
35.519999999999996
35.68
35.28
35.36
35.44
35.36
35.12
35.519999999999996
35.44
35.44
35.68
35.36
35.04
35.28
35.28
35.36
35.12
35.36
35.519999999999996
35.60000000000001
35.44
35.44
35.519999999999996
35.28
35.519999999999996
35.12
35.28
35.60000000000001
35.519999999999996
35.60000000000001
35.28
35.28
35.36
35.44
35.199999999999996
35.28
35.44
35.519999999999996
35.519999999999996
35.12
35.36
35.44
35.28
35.199999999999996
35.36
35.36
35.36
35.76
35.28
35.36
35.36
35.28
35.519999999999996
35.199999999999996
35.199999999999996
35.519999999999996
35.60000000000001
35.28
35.36
35.36
35.28
35.519999999999996
35.12
35.199999999999996
35.519999999999996
35.519999999999996
35.519999999999996
35.199999999999996
35.28
35.28
35.44
35.12
35.28
35.199999999999996
35.44
35.60000000000001
35.04
35.36
35.36
35.28
35.12
35.36
35.28
35.36
35.60000000000001
35.28
35.199999999999996
35.28
35.199999999999996
35.199999999999996
35.199999999999996
35.12
35.60000000000001
35.60000000000001
35.44
35.199999999999996
35.28
35.199999999999996
35.519999999999996
35.12
35.28
35.44
35.44
35.44
35.28
35.44
35.28
35.519999999999996
