12.0
10.4
9.6
8.8
8.0
7.199999999999999
6.4
4.8
4.0
3.2
1.6
3.2
4.0
4.8
4.8
6.4
7.199999999999999
8.0
8.8
9.6
10.4
11.200000000000001
12.0
13.600000000000001
14.399999999999999
16.0
16.0
16.8
18.400000000000002
19.2
20.0
20.8
22.400000000000002
23.2
24.0
24.8
25.6
26.400000000000002
27.200000000000003
28.799999999999997
29.6
30.4
31.200000000000003
32.800000000000004
32.800000000000004
34.4
35.2
36.0
36.800000000000004
38.4
39.2
40.0
41.6
42.400000000000006
43.2
44.0
44.800000000000004
46.4
47.199999999999996
48.0
48.8
48.0
47.199999999999996
46.4
45.60000000000001
44.800000000000004
44.0
43.2
43.2
41.6
40.0
39.2
38.4
37.6
36.800000000000004
35.2
35.2
33.6
32.800000000000004
32.0
31.200000000000003
30.4
29.6
28.000000000000004
27.200000000000003
26.400000000000002
24.8
24.8
23.2
22.400000000000002
21.6
20.8
20.0
18.400000000000002
17.6
16.0
16.0
15.2
13.600000000000001
12.8
12.0
10.4
9.6
8.8
8.0
6.4
5.6000000000000005
4.8
4.0
3.2
2.4
3.2
4.0
4.8
5.6000000000000005
6.4
7.199999999999999
8.0
8.8
9.6
10.4
11.200000000000001
12.0
13.600000000000001
14.399999999999999
15.2
16.0
16.8
18.400000000000002
19.2
20.0
20.8
21.6
23.2
24.0
24.8
25.6
27.200000000000003
28.000000000000004
28.799999999999997
29.6
30.4
31.200000000000003
32.800000000000004
33.6
34.4
35.2
36.0
37.6
38.4
39.2
40.0
41.6
42.400000000000006
43.2
44.0
44.800000000000004
46.4
47.199999999999996
48.0
48.8
48.8
47.199999999999996
46.4
45.60000000000001
44.800000000000004
44.0
43.2
42.400000000000006
41.6
40.8
39.2
38.4
37.6
36.800000000000004
35.2
34.4
34.4
33.6
32.0
31.200000000000003
29.6
29.6
28.000000000000004
27.200000000000003
26.400000000000002
25.6
24.0
23.2
22.400000000000002
21.6
20.0
20.0
18.400000000000002
17.6
16.8
16.0
15.2
13.600000000000001
12.8
12.0
11.200000000000001
9.6
8.8
8.0
7.199999999999999
5.6000000000000005
4.8
4.0
3.2
1.6
3.2
4.0
4.8
5.6000000000000005
6.4
7.199999999999999
8.0
8.8
9.6
11.200000000000001
12.0
12.8
12.8
14.399999999999999
15.2
16.0
16.8
18.400000000000002
19.2
20.0
20.8
22.400000000000002
23.2
24.0
24.8
25.6
27.200000000000003
28.000000000000004
28.799999999999997
29.6
30.4
31.200000000000003
32.800000000000004
34.4
34.4
35.2
36.0
37.6
38.4
40.0
40.8
41.6
42.400000000000006
43.2
44.0
44.800000000000004
46.4
46.4
48.0
48.8
48.0
47.199999999999996
46.4
45.60000000000001
44.800000000000004
44.0
43.2
42.400000000000006
41.6
40.0
39.2
38.4
37.6
36.800000000000004
35.2
34.4
34.4
32.800000000000004
32.0
31.200000000000003
30.4
28.799999999999997
28.000000000000004
27.200000000000003
26.400000000000002
25.6
24.8
23.2
22.400000000000002
21.6
20.8
20.0
18.400000000000002
17.6
16.8
16.0
14.399999999999999
13.600000000000001
12.8
12.0
11.200000000000001
9.6
8.8
8.0
7.199999999999999
6.4
4.8
4.0
2.4
1.6
2.4
4.0
4.8
5.6000000000000005
6.4
7.199999999999999
8.0
8.8
9.6
10.4
12.0
12.8
13.600000000000001
14.399999999999999
15.2
16.0
16.8
18.400000000000002
19.2
20.0
20.8
21.6
23.2
24.0
24.8
25.6
27.200000000000003
27.200000000000003
28.799999999999997
29.6
30.4
32.0
32.800000000000004
33.6
34.4
35.2
36.800000000000004
36.800000000000004
38.4
39.2
40.8
40.8
42.400000000000006
43.2
44.0
44.800000000000004
46.4
47.199999999999996
48.0
49.6
48.0
48.0
47.199999999999996
45.60000000000001
44.800000000000004
44.0
43.2
42.400000000000006
41.6
40.0
40.0
39.2
37.6
36.800000000000004
35.2
34.4
34.4
32.800000000000004
32.0
31.200000000000003
30.4
29.6
28.000000000000004
27.200000000000003
26.400000000000002
24.8
24.8
23.2
22.400000000000002
21.6
20.8
20.0
18.400000000000002
17.6
16.0
16.0
14.399999999999999
13.600000000000001
12.8
12.0
11.200000000000001
9.6
8.8
8.0
7.199999999999999
5.6000000000000005
4.8
4.0
3.2
1.6
2.4
4.0
4.8
5.6000000000000005
6.4
7.199999999999999
8.0
8.8
9.6
10.4
11.200000000000001
12.0
13.600000000000001
14.399999999999999
15.2
16.0
17.6
18.400000000000002
19.2
20.0
20.8
21.6
23.2
24.0
24.8
25.6
26.400000000000002
28.000000000000004
28.799999999999997
29.6
30.4
32.0
32.800000000000004
33.6
34.4
35.2
36.0
37.6
38.4
39.2
40.0
41.6
42.400000000000006
43.2
44.0
44.800000000000004
46.4
46.4
48.0
49.6
48.0
47.199999999999996
45.60000000000001
45.60000000000001
44.800000000000004
43.2
43.2
42.400000000000006
41.6
40.0
39.2
38.4
36.800000000000004
36.800000000000004
36.0
34.4
34.4
32.800000000000004
32.0
31.200000000000003
30.4
28.799999999999997
28.000000000000004
27.200000000000003
25.6
25.6
24.8
24.0
22.400000000000002
21.6
20.8
19.2
18.400000000000002
17.6
16.8
16.0
15.2
13.600000000000001
12.8
12.0
10.4
9.6
8.8
7.199999999999999
7.199999999999999
5.6000000000000005
4.8
4.0
3.2
1.6
2.4
4.0
4.8
4.8
6.4
7.199999999999999
8.0
8.8
10.4
10.4
12.0
12.8
13.600000000000001
14.399999999999999
15.2
16.0
16.8
18.400000000000002
19.2
20.0
20.8
22.400000000000002
23.2
24.0
24.8
25.6
26.400000000000002
28.000000000000004
28.000000000000004
29.6
30.4
32.0
32.800000000000004
33.6
34.4
35.2
36.0
36.800000000000004
38.4
39.2
40.0
41.6
42.400000000000006
43.2
44.0
44.800000000000004
46.4
47.199999999999996
48.0
48.8
48.0
47.199999999999996
46.4
45.60000000000001
44.800000000000004
44.0
43.2
42.400000000000006
41.6
40.8
39.2
38.4
37.6
36.800000000000004
35.2
35.2
34.4
32.800000000000004
32.0
31.200000000000003
30.4
28.799999999999997
28.000000000000004
27.200000000000003
26.400000000000002
25.6
24.8
23.2
22.400000000000002
21.6
20.8
19.2
18.400000000000002
17.6
16.8
16.0
14.399999999999999
13.600000000000001
12.8
12.0
11.200000000000001
9.6
8.8
7.199999999999999
7.199999999999999
5.6000000000000005
4.8
4.0
3.2
1.6
2.4
4.0
4.8
4.8
6.4
7.199999999999999
8.0
8.8
10.4
10.4
12.0
12.8
13.600000000000001
14.399999999999999
15.2
16.8
16.8
18.400000000000002
19.2
20.0
20.8
21.6
23.2
24.0
24.8
25.6
26.400000000000002
27.200000000000003
28.799999999999997
29.6
30.4
32.0
32.0
33.6
34.4
35.2
36.0
37.6
38.4
39.2
40.0
41.6
42.400000000000006
43.2
44.0
44.800000000000004
45.60000000000001
47.199999999999996
48.0
48.8
48.8
47.199999999999996
46.4
45.60000000000001
44.800000000000004
44.0
43.2
42.400000000000006
41.6
40.8
39.2
38.4
37.6
36.800000000000004
35.2
35.2
34.4
32.800000000000004
32.0
31.200000000000003
30.4
29.6
28.000000000000004
27.200000000000003
26.400000000000002
24.8
24.8
23.2
22.400000000000002
21.6
20.0
19.2
18.400000000000002
17.6
16.8
16.0
14.399999999999999
13.600000000000001
12.8
11.200000000000001
10.4
9.6
8.8
8.0
7.199999999999999
5.6000000000000005
4.8
4.0
3.2
1.6
2.4
4.0
4.8
5.6000000000000005
6.4
7.199999999999999
8.0
8.8
9.6
10.4
12.0
12.0
13.600000000000001
15.2
15.2
16.0
16.8
18.400000000000002
19.2
20.0
20.8
21.6
22.400000000000002
24.0
24.8
25.6
26.400000000000002
27.200000000000003
28.799999999999997
29.6
30.4
31.200000000000003
32.800000000000004
33.6
34.4
35.2
36.0
37.6
38.4
39.2
40.8
41.6
42.400000000000006
43.2
44.0
44.800000000000004
45.60000000000001
47.199999999999996
48.0
48.8
48.0
47.199999999999996
46.4
45.60000000000001
44.800000000000004
44.0
43.2
42.400000000000006
41.6
40.8
39.2
38.4
37.6
36.0
35.2
35.2
33.6
33.6
32.0
31.200000000000003
30.4
28.799999999999997
28.000000000000004
27.200000000000003
26.400000000000002
25.6
24.0
23.2
22.400000000000002
21.6
20.8
19.2
18.400000000000002
17.6
16.8
16.0
14.399999999999999
13.600000000000001
12.8
12.0
10.4
9.6
8.8
8.0
7.199999999999999
5.6000000000000005
5.6000000000000005
4.0
3.2
1.6
3.2
4.0
4.8
5.6000000000000005
6.4
7.199999999999999
8.0
8.8
9.6
10.4
12.0
12.0
12.8
14.399999999999999
15.2
16.0
16.8
17.6
19.2
20.0
20.8
21.6
23.2
24.0
24.8
25.6
26.400000000000002
28.000000000000004
28.799999999999997
29.6
31.200000000000003
32.0
32.800000000000004
33.6
34.4
35.2
36.0
36.800000000000004
38.4
39.2
40.8
41.6
42.400000000000006
43.2
44.0
44.800000000000004
46.4
47.199999999999996
48.0
49.6
48.0
47.199999999999996
46.4
45.60000000000001
44.800000000000004
44.0
43.2
42.400000000000006
41.6
40.8
39.2
38.4
37.6
36.0
35.2
34.4
34.4
33.6
32.0
31.200000000000003
30.4
28.799999999999997
28.000000000000004
27.200000000000003
26.400000000000002
24.8
24.8
23.2
22.400000000000002
21.6
20.8
19.2
18.400000000000002
17.6
16.8
16.0
14.399999999999999
13.600000000000001
12.8
11.200000000000001
10.4
9.6
8.0
8.0
6.4
6.4
4.8
4.0
3.2
1.6
3.2
3.2
4.8
5.6000000000000005
6.4
7.199999999999999
8.0
8.8
9.6
10.4
11.200000000000001
12.8
13.600000000000001
14.399999999999999
15.2
16.0
17.6
18.400000000000002
19.2
20.0
20.8
21.6
22.400000000000002
24.0
24.8
25.6
26.400000000000002
28.000000000000004
28.799999999999997
29.6
30.4
32.0
32.800000000000004
33.6
34.4
35.2
36.0
37.6
38.4
39.2
40.8
41.6
42.400000000000006
43.2
44.0
44.800000000000004
46.4
47.199999999999996
48.0
48.8
48.0
48.0
46.4
45.60000000000001
44.800000000000004
44.0
43.2
42.400000000000006
40.8
40.0
39.2
38.4
37.6
36.800000000000004
35.2
34.4
33.6
33.6
32.0
31.200000000000003
30.4
28.799999999999997
28.000000000000004
27.200000000000003
26.400000000000002
24.8
24.8
24.0
22.400000000000002
21.6
20.0
19.2
18.400000000000002
17.6
16.8
15.2
14.399999999999999
13.600000000000001
12.8
12.0
10.4
9.6
8.8
8.0
7.199999999999999
5.6000000000000005
4.8
4.0
3.2
2.4
3.2
4.0
4.8
4.8
6.4
7.199999999999999
8.0
8.8
10.4
10.4
12.0
12.8
13.600000000000001
15.2
16.0
16.0
16.8
18.400000000000002
19.2
20.0
20.8
21.6
22.400000000000002
24.0
24.8
25.6
26.400000000000002
27.200000000000003
28.799999999999997
29.6
30.4
32.0
32.800000000000004
33.6
34.4
35.2
36.0
37.6
38.4
39.2
40.8
41.6
42.400000000000006
43.2
44.0
44.800000000000004
46.4
47.199999999999996
48.0
48.8
48.0
47.199999999999996
46.4
45.60000000000001
44.800000000000004
43.2
43.2
42.400000000000006
41.6
40.0
39.2
38.4
37.6
36.0
35.2
35.2
33.6
32.800000000000004
32.0
31.200000000000003
30.4
28.799999999999997
28.000000000000004
27.200000000000003
26.400000000000002
24.8
24.8
23.2
22.400000000000002
21.6
20.8
20.0
18.400000000000002
17.6
16.8
16.0
14.399999999999999
13.600000000000001
12.8
12.0
11.200000000000001
9.6
8.8
8.0
7.199999999999999
5.6000000000000005
4.8
4.0
3.2
1.6
3.2
4.0
4.8
5.6000000000000005
6.4
7.199999999999999
8.0
8.8
9.6
10.4
12.0
12.8
13.600000000000001
14.399999999999999
15.2
16.8
17.6
18.400000000000002
19.2
20.0
20.8
22.400000000000002
22.400000000000002
24.0
24.8
25.6
26.400000000000002
28.000000000000004
28.799999999999997
29.6
30.4
32.0
32.800000000000004
33.6
34.4
35.2
36.0
36.800000000000004
38.4
39.2
40.0
41.6
42.400000000000006
43.2
44.0
44.800000000000004
46.4
47.199999999999996
48.0
49.6
48.0
47.199999999999996
46.4
45.60000000000001
44.800000000000004
44.0
43.2
42.400000000000006
40.8
40.0
39.2
38.4
37.6
36.800000000000004
35.2
34.4
34.4
32.800000000000004
32.0
31.200000000000003
30.4
28.799999999999997
28.000000000000004
27.200000000000003
26.400000000000002
25.6
24.8
23.2
22.400000000000002
21.6
20.0
19.2
18.400000000000002
17.6
16.8
16.0
15.2
13.600000000000001
12.8
12.0
10.4
9.6
8.8
8.0
7.199999999999999
5.6000000000000005
4.8
4.0
3.2
1.6
3.2
4.0
4.0
5.6000000000000005
6.4
7.199999999999999
8.0
8.8
9.6
10.4
12.0
12.8
13.600000000000001
14.399999999999999
15.2
16.0
17.6
18.400000000000002
19.2
20.0
20.8
21.6
22.400000000000002
24.0
24.8
25.6
27.200000000000003
28.000000000000004
28.799999999999997
29.6
30.4
31.200000000000003
32.0
33.6
34.4
35.2
36.800000000000004
36.800000000000004
38.4
40.0
41.6
43.2
45.60000000000001
47.199999999999996
48.0
46.4
44.800000000000004
43.2
41.6
40.0
37.6
35.2
34.4
32.0
30.4
28.799999999999997
26.400000000000002
24.8
23.2
20.8
19.2
17.6
15.2
13.600000000000001
12.0
9.6
7.199999999999999
5.6000000000000005
4.0
3.2
4.8
6.4
8.0
9.6
11.200000000000001
13.600000000000001
15.2
16.8
19.2
20.8
22.400000000000002
24.8
26.400000000000002
28.000000000000004
30.4
32.0
34.4
36.0
37.6
39.2
41.6
43.2
44.800000000000004
47.199999999999996
48.0
46.4
44.0
43.2
40.8
39.2
37.6
36.0
34.4
32.0
30.4
28.000000000000004
26.400000000000002
24.8
23.2
20.8
19.2
17.6
15.2
13.600000000000001
12.0
9.6
7.199999999999999
5.6000000000000005
4.0
3.2
4.8
6.4
8.0
9.6
12.0
13.600000000000001
15.2
17.6
19.2
20.8
23.2
24.8
26.400000000000002
28.000000000000004
30.4
32.0
34.4
35.2
37.6
39.2
41.6
43.2
44.800000000000004
47.199999999999996
48.0
46.4
44.800000000000004
43.2
40.8
39.2
37.6
36.0
34.4
32.0
30.4
28.799999999999997
26.400000000000002
24.8
23.2
20.8
19.2
17.6
15.2
13.600000000000001
12.0
9.6
7.199999999999999
5.6000000000000005
4.0
3.2
4.8
6.4
8.0
9.6
12.0
13.600000000000001
15.2
16.8
19.2
20.8
22.400000000000002
24.0
26.400000000000002
28.000000000000004
30.4
32.0
34.4
36.0
37.6
39.2
41.6
43.2
44.800000000000004
47.199999999999996
48.0
46.4
44.800000000000004
43.2
40.8
40.0
37.6
35.2
34.4
32.0
30.4
28.000000000000004
26.400000000000002
24.8
22.400000000000002
20.8
19.2
17.6
15.2
13.600000000000001
11.200000000000001
9.6
8.0
5.6000000000000005
4.0
3.2
4.8
6.4
8.0
9.6
12.0
12.8
15.2
16.8
19.2
20.8
22.400000000000002
24.8
26.400000000000002
28.000000000000004
29.6
32.0
33.6
35.2
37.6
40.0
41.6
43.2
45.60000000000001
47.199999999999996
48.0
46.4
44.800000000000004
43.2
41.6
39.2
37.6
35.2
34.4
32.800000000000004
30.4
28.799999999999997
26.400000000000002
24.8
23.2
20.8
19.2
16.8
16.0
13.600000000000001
12.0
9.6
7.199999999999999
5.6000000000000005
4.0
3.2
4.8
6.4
8.0
10.4
11.200000000000001
13.600000000000001
15.2
16.8
19.2
20.8
22.400000000000002
24.8
25.6
28.000000000000004
29.6
32.0
34.4
35.2
37.6
40.0
41.6
43.2
44.800000000000004
47.199999999999996
48.0
46.4
44.0
43.2
40.8
39.2
37.6
36.0
34.4
32.0
30.4
28.000000000000004
26.400000000000002
24.8
23.2
20.8
19.2
17.6
15.2
13.600000000000001
12.0
9.6
7.199999999999999
5.6000000000000005
4.0
3.2
4.8
6.4
8.0
10.4
12.0
13.600000000000001
15.2
16.8
19.2
20.8
22.400000000000002
24.8
26.400000000000002
28.000000000000004
29.6
32.0
34.4
35.2
37.6
39.2
41.6
43.2
45.60000000000001
47.199999999999996
48.0
46.4
44.800000000000004
43.2
41.6
39.2
37.6
36.0
34.4
32.800000000000004
30.4
28.000000000000004
26.400000000000002
24.8
22.400000000000002
20.8
19.2
16.8
15.2
13.600000000000001
11.200000000000001
9.6
7.199999999999999
5.6000000000000005
4.0
3.2
4.8
6.4
8.0
9.6
12.0
13.600000000000001
15.2
16.8
18.400000000000002
20.8
22.400000000000002
24.8
26.400000000000002
28.000000000000004
30.4
32.0
34.4
35.2
37.6
40.0
41.6
43.2
45.60000000000001
47.199999999999996
48.0
47.199999999999996
44.800000000000004
43.2
41.6
39.2
37.6
36.0
34.4
32.0
29.6
28.799999999999997
26.400000000000002
24.8
23.2
20.8
19.2
16.8
15.2
13.600000000000001
12.0
9.6
7.199999999999999
5.6000000000000005
4.0
3.2
4.8
6.4
8.0
10.4
11.200000000000001
13.600000000000001
15.2
16.8
19.2
20.8
22.400000000000002
24.8
26.400000000000002
28.000000000000004
30.4
32.0
33.6
35.2
37.6
40.0
41.6
43.2
45.60000000000001
47.199999999999996
48.0
46.4
44.800000000000004
43.2
40.8
39.2
37.6
36.0
34.4
32.0
30.4
28.000000000000004
26.400000000000002
24.8
23.2
20.8
19.2
17.6
15.2
13.600000000000001
12.0
9.6
7.199999999999999
5.6000000000000005
4.0
3.2
4.8
6.4
8.0
9.6
11.200000000000001
13.600000000000001
15.2
17.6
19.2
20.8
22.400000000000002
24.8
26.400000000000002
28.000000000000004
29.6
32.0
34.4
36.0
37.6
40.0
41.6
43.2
45.60000000000001
47.199999999999996
48.0
46.4
44.0
43.2
40.8
39.2
37.6
36.0
34.4
32.0
30.4
28.000000000000004
26.400000000000002
24.8
23.2
20.8
19.2
16.8
15.2
13.600000000000001
12.0
9.6
7.199999999999999
5.6000000000000005
4.0
2.4
4.8
6.4
8.0
9.6
11.200000000000001
13.600000000000001
15.2
17.6
19.2
20.8
23.2
24.8
26.400000000000002
28.000000000000004
29.6
32.0
34.4
36.0
37.6
39.2
41.6
43.2
45.60000000000001
47.199999999999996
48.0
46.4
44.800000000000004
43.2
41.6
39.2
37.6
36.0
34.4
32.0
30.4
28.000000000000004
26.400000000000002
24.8
23.2
20.8
19.2
16.8
15.2
13.600000000000001
12.0
9.6
7.199999999999999
5.6000000000000005
4.0
3.2
4.8
6.4
8.0
9.6
12.0
13.600000000000001
15.2
16.8
19.2
20.8
22.400000000000002
24.8
26.400000000000002
28.000000000000004
30.4
32.0
34.4
36.0
37.6
40.0
41.6
43.2
44.800000000000004
48.0
48.0
46.4
44.800000000000004
42.400000000000006
41.6
39.2
37.6
36.0
34.4
32.800000000000004
30.4
28.000000000000004
26.400000000000002
24.8
23.2
20.8
19.2
17.6
15.2
13.600000000000001
12.0
9.6
8.0
5.6000000000000005
4.0
3.2
4.8
6.4
8.0
9.6
11.200000000000001
13.600000000000001
15.2
16.8
19.2
20.8
22.400000000000002
24.0
26.400000000000002
28.000000000000004
30.4
32.0
34.4
35.2
37.6
39.2
41.6
43.2
45.60000000000001
47.199999999999996
48.0
46.4
44.0
43.2
41.6
40.0
37.6
36.0
34.4
32.800000000000004
30.4
28.799999999999997
26.400000000000002
24.8
23.2
20.8
19.2
17.6
15.2
13.600000000000001
11.200000000000001
9.6
8.0
5.6000000000000005
4.0
3.2
4.8
6.4
8.0
9.6
11.200000000000001
13.600000000000001
15.2
16.8
19.2
20.8
22.400000000000002
24.8
26.400000000000002
28.000000000000004
30.4
32.0
34.4
35.2
37.6
39.2
41.6
43.2
45.60000000000001
47.199999999999996
48.0
46.4
44.0
43.2
41.6
39.2
37.6
36.0
34.4
32.0
31.200000000000003
28.799999999999997
26.400000000000002
24.8
22.400000000000002
20.8
19.2
16.8
15.2
13.600000000000001
11.200000000000001
9.6
7.199999999999999
5.6000000000000005
4.0
3.2
4.8
6.4
8.0
10.4
11.200000000000001
13.600000000000001
15.2
16.8
19.2
20.8
22.400000000000002
24.8
26.400000000000002
28.000000000000004
30.4
32.0
33.6
35.2
37.6
40.0
41.6
43.2
45.60000000000001
47.199999999999996
48.0
46.4
44.800000000000004
43.2
40.8
39.2
37.6
35.2
34.4
32.0
30.4
28.799999999999997
26.400000000000002
24.8
23.2
20.8
19.2
16.8
15.2
13.600000000000001
11.200000000000001
9.6
7.199999999999999
5.6000000000000005
4.0
3.2
4.8
6.4
8.0
10.4
11.200000000000001
13.600000000000001
16.0
16.8
19.2
20.8
22.400000000000002
24.8
26.400000000000002
28.000000000000004
30.4
32.0
34.4
36.0
37.6
39.2
41.6
43.2
44.800000000000004
47.199999999999996
48.8
46.4
44.800000000000004
43.2
41.6
40.0
37.6
36.0
34.4
32.800000000000004
30.4
28.000000000000004
26.400000000000002
24.8
23.2
20.8
19.2
16.8
15.2
13.600000000000001
11.200000000000001
9.6
7.199999999999999
5.6000000000000005
4.0
3.2
4.8
6.4
8.0
10.4
12.0
13.600000000000001
15.2
16.8
19.2
20.8
22.400000000000002
24.8
26.400000000000002
28.000000000000004
29.6
32.0
34.4
36.0
37.6
40.0
41.6
43.2
45.60000000000001
47.199999999999996
48.0
46.4
44.0
43.2
41.6
39.2
37.6
36.0
34.4
32.0
30.4
28.799999999999997
26.400000000000002
24.8
23.2
20.8
19.2
17.6
15.2
13.600000000000001
12.0
9.6
7.199999999999999
5.6000000000000005
4.0
3.2
4.0
6.4
8.0
9.6
11.200000000000001
13.600000000000001
15.2
16.8
19.2
20.8
22.400000000000002
24.8
26.400000000000002
28.000000000000004
30.4
32.0
33.6
35.2
37.6
39.2
41.6
43.2
44.800000000000004
47.199999999999996
48.0
46.4
44.800000000000004
43.2
41.6
39.2
37.6
36.0
34.4
32.0
30.4
28.799999999999997
26.400000000000002
24.8
23.2
20.8
19.2
16.8
15.2
13.600000000000001
11.200000000000001
9.6
8.0
5.6000000000000005
4.0
3.2
4.8
6.4
8.0
9.6
12.0
12.8
15.2
16.8
19.2
20.8
22.400000000000002
24.8
26.400000000000002
28.000000000000004
30.4
32.0
33.6
35.2
37.6
39.2
41.6
43.2
45.60000000000001
47.199999999999996
48.0
46.4
44.800000000000004
43.2
41.6
39.2
37.6
35.2
34.4
32.0
30.4
28.799999999999997
27.200000000000003
24.8
23.2
20.8
19.2
16.8
15.2
13.600000000000001
11.200000000000001
9.6
7.199999999999999
5.6000000000000005
4.0
3.2
4.8
6.4
8.0
9.6
12.0
13.600000000000001
15.2
16.8
19.2
20.8
22.400000000000002
24.8
26.400000000000002
28.000000000000004
29.6
32.0
34.4
35.2
37.6
39.2
41.6
44.0
44.800000000000004
47.199999999999996
48.0
46.4
44.800000000000004
43.2
41.6
40.0
37.6
36.0
34.4
32.0
30.4
28.799999999999997
26.400000000000002
24.8
23.2
20.8
19.2
16.8
15.2
13.600000000000001
12.0
9.6
7.199999999999999
5.6000000000000005
4.0
3.2
4.8
6.4
8.0
9.6
12.0
13.600000000000001
15.2
16.8
18.400000000000002
20.8
22.400000000000002
24.8
26.400000000000002
28.000000000000004
29.6
32.0
33.6
36.0
38.4
39.2
41.6
43.2
44.800000000000004
47.199999999999996
48.0
46.4
44.800000000000004
43.2
40.8
40.0
37.6
35.2
34.4
32.0
30.4
28.000000000000004
26.400000000000002
24.8
23.2
20.8
19.2
17.6
16.0
13.600000000000001
12.0
9.6
7.199999999999999
5.6000000000000005
4.0
3.2
4.8
6.4
8.0
10.4
12.0
12.8
15.2
17.6
19.2
20.8
22.400000000000002
24.8
26.400000000000002
28.000000000000004
29.6
32.0
34.4
36.0
37.6
40.0
41.6
43.2
45.60000000000001
47.199999999999996
48.0
46.4
44.800000000000004
43.2
41.6
39.2
36.800000000000004
36.0
34.4
32.0
30.4
28.799999999999997
26.400000000000002
24.8
23.2
20.8
19.2
17.6
15.2
13.600000000000001
11.200000000000001
9.6
7.199999999999999
5.6000000000000005
4.0
3.2
4.8
6.4
8.0
9.6
11.200000000000001
13.600000000000001
15.2
16.8
19.2
20.8
23.2
24.8
25.6
28.000000000000004
29.6
32.0
34.4
35.2
37.6
39.2
41.6
43.2
45.60000000000001
47.199999999999996
48.0
46.4
44.0
43.2
41.6
39.2
37.6
36.0
34.4
32.0
30.4
28.799999999999997
26.400000000000002
24.8
23.2
20.8
19.2
17.6
16.0
12.8
11.200000000000001
9.6
7.199999999999999
5.6000000000000005
4.0
3.2
4.8
6.4
8.0
9.6
12.0
13.600000000000001
15.2
16.8
19.2
20.8
22.400000000000002
24.8
26.400000000000002
28.000000000000004
29.6
32.0
34.4
35.2
37.6
39.2
41.6
43.2
44.800000000000004
47.199999999999996
48.0
46.4
44.0
43.2
41.6
40.0
37.6
36.0
34.4
32.0
30.4
28.799999999999997
26.400000000000002
24.8
23.2
20.8
19.2
17.6
15.2
13.600000000000001
11.200000000000001
9.6
8.0
5.6000000000000005
4.0
3.2
4.8
6.4
8.0
9.6
12.0
13.600000000000001
15.2
17.6
19.2
20.8
22.400000000000002
24.8
26.400000000000002
28.000000000000004
30.4
32.0
34.4
35.2
37.6
39.2
41.6
43.2
44.800000000000004
47.199999999999996
48.0
46.4
44.800000000000004
43.2
40.8
39.2
37.6
35.2
34.4
32.0
30.4
28.000000000000004
26.400000000000002
24.8
23.2
20.8
19.2
16.8
15.2
13.600000000000001
11.200000000000001
9.6
7.199999999999999
5.6000000000000005
4.0
3.2
4.8
6.4
8.0
9.6
11.200000000000001
13.600000000000001
15.2
16.8
18.400000000000002
20.8
22.400000000000002
24.8
26.400000000000002
28.000000000000004
30.4
32.0
34.4
36.0
36.800000000000004
