0.2679151595
0.305658251
0.3201920688
0.3371908963
0.371924758
0.3981752694
0.4088515639
0.4407362938
0.4717727005
0.4838735759
0.508107245
0.5434173942
0.5603201389
0.5745018125
0.6128211021
0.6355181932
0.6503881216
0.6861144304
0.7154061794
0.7249779701
0.7517086864
0.7872908711
0.8016646504
0.8172548413
0.8556542397
0.8783192635
0.8919087052
0.9255382419
0.9540455937
0.9646738172
0.9903481007
1.0274189711
1.0392317772
1.0433614254
1.0682032108
1.1065225601
1.1207842827
1.1370948553
1.1694117785
1.1971348524
1.2113804817
1.2398719788
1.2727650404
1.28480196
1.3061704636
1.3440256119
1.3604161739
1.3721328974
1.405970335
1.435262084
1.447363019
1.4787675142
1.5111805201
1.5214725733
1.5408563614
1.5789035559
1.5982073545
1.6100840569
1.6458102465
1.673581481
1.6799360514
1.6842896938
1.7150059938
1.747322917
1.758815527
1.7623369694
1.7765986919
1.8171749115
1.8377269506
1.8489636183
1.8789756298
1.9123809338
1.923137188
1.9476109743
1.9849859476
2.0002560616
2.0194318295
2.0598959923
2.0793278217
2.0923409462
2.127779007
2.1545898914
2.1695718765
2.1998720169
2.2316446304
2.2415685654
2.2619926929
2.2998158932
2.3188154697
2.3326289654
2.363553524
2.3955821991
2.405025959
2.4318208694
2.4698519707
2.4817926884
2.4999759197
2.5406963825
2.5583994389
2.5688993931
2.6015045643
2.6335976124
2.6411845684
2.6544537544
2.6896839142
2.7172789574
2.7251219749
2.7561264038
2.7875151634
2.8011205196
2.8240897655
2.8635773659
2.8788795471
2.8921329975
2.9268028736
2.9559662342
2.965154171
2.9941575527
3.0297238827
3.04220891
3.0669546127
3.1043617725
3.1212804317
3.1435294151
3.1778311729
3.1957104206
3.2181351185
3.2458581924
3.2767345905
3.3000559807
3.3191196918
3.3474831581
3.3726131916
3.3788235188
3.4085476398
3.4388473034
3.4496517181
3.4824969769
3.5094356537
3.5334453583
3.5539338589
3.5817847252
3.6084353924
3.6535892487
3.6770546436
3.6735332012
3.7334933281
3.759791851
3.7778630257
3.8079712391
3.8294677734
3.8585996628
3.8745577335
3.9010324478
3.9147179127
3.9600801468
3.9591038227
3.992620945
4.0219926834
4.0585355759
4.0799040794
4.1019444466
4.1189274788
4.1292037964
4.1936774254
4.2057943344
4.224729538
4.2511725426
4.2903561592
4.2859864235
4.3337497711
4.3626413345
4.3683071136
4.3966708183
4.4179430008
4.4599280357
4.4956860542
4.5299401283
4.5579032898
4.5700359344
4.6123571396
4.637887001
4.6476988792
4.6871547699
4.7168626785
4.7258105278
4.7598719597
4.7947177887
4.8000001907
4.8061141968
4.8381915092
4.8741574287
4.8835215569
4.9123649597
4.951900959
4.9599041939
4.9638733864
4.9948301315
5.0339655876
5.045794487
