0.2805522084
0.279071629
0.2849379778
0.2858023345
0.2747939229
0.2777990997
0.2672589123
0.2611964941
0.2495678365
0.2517767251
0.2439895868
0.2500120103
0.2463265359
0.2507643104
0.2476350516
0.2505002022
0.2542417049
0.2620928586
0.2668547332
0.2695038021
0.2720968425
0.271068424
0.2661184371
0.2663225234
0.2715005875
0.2647499144
0.2651380599
0.2568267286
0.2541096509
0.2480752319
0.2458263338
0.2499839962
0.2503721416
0.2458903641
0.2428491414
0.2447538972
0.2487995178
0.2450700253
0.2506522536
0.2505762279
0.251844734
0.254137665
0.254137665
0.2576590776
0.2537294924
0.2571748793
0.2524329722
0.2585074008
0.2561224401
0.2524890006
0.2517967224
0.2461584508
0.2487074882
0.2440496087
0.2473989576
0.2426330596
0.2466306686
0.2397479117
0.240956381
0.2452020794
0.2443857491
0.2523209155
0.2476430684
0.2524609864
0.2468267381
0.2531772554
0.246238485
0.2507402897
0.2446538657
0.2463905662
0.2437735051
0.2420488149
0.243965596
0.2456022352
0.2428811491
0.2449579984
0.2411364615
0.244393751
0.2407923192
0.2443657368
0.244105652
0.2461064458
0.2452140898
0.2450820208
0.2419167757
0.2439095527
0.2418447286
0.2454381883
0.2409003675
0.2464985996
0.247026816
0.2401560545
0.2438215315
0.2381712645
0.2398159206
0.2400360107
0.2357022762
0.2393157333
0.2416406721
0.2426610589
0.2400920242
0.2424969822
0.2368147224
0.2420368195
0.2377591133
0.2417727113
0.2387194932
0.2428971529
0.2407563031
0.2426850796
0.2387634963
0.2372949123
0.2399359643
0.2366506755
0.238087222
0.2360304147
0.2342216969
0.2355502248
0.2394397706
0.2393677533
0.2347939163
0.2387154996
0.2350740284
0.2348459363
0.2404041737
0.2354621738
0.2407322824
0.2396678776
0.236242488
0.2394997925
0.2362745255
0.2392157018
0.2354261726
0.2403001189
0.2391756773
0.2393277287
0.2391276509
0.2367106974
0.2392917275
0.2325370312
0.2357622981
0.2329051644
0.2340095937
0.2345138043
0.2386554629
0.2399079651
0.2348379344
0.2341536582
0.240336135
0.2378271222
0.2341136336
0.236434564
0.2342617065
0.2358423322
0.2399919927
0.233829543
0.2351900786
0.2322288901
0.2369347662
0.2386274487
0.2353421301
0.2366826683
0.2331412584
0.2371948659
0.2329331785
0.2327771038
0.2374189645
0.2332532853
0.2340856493
0.2335054129
0.2331252545
0.2342777103
0.2401200533
0.2364065647
0.2396518737
0.2369387746
0.2363665551
0.2325410098
0.2360864282
0.231668666
0.2345018089
0.2320208251
0.2322248816
0.2353981733
0.2316046357
0.235334143
0.2370028049
0.2346098423
0.2369827926
0.2365546077
0.2375750244
0.2381912768
0.2371148467
0.2340376079
0.2370548099
0.23152861
0.2365786284
0.2335214019
0.232428968
0.2380392253
