-3.600000000000001
-3.600000000000001
-3.600000000000001
-3.600000000000001
-3.600000000000001
-3.600000000000001
-3.600000000000001
-3.600000000000001
-4.000000000000002
-3.600000000000001
-4.000000000000002
-4.000000000000002
-4.000000000000002
-4.000000000000002
-4.000000000000002
-4.000000000000002
-4.000000000000002
-4.000000000000002
-4.000000000000002
-4.000000000000002
-4.000000000000002
-4.3999999999999995
-4.3999999999999995
-4.3999999999999995
-4.3999999999999995
-4.3999999999999995
-4.8
-4.3999999999999995
-4.3999999999999995
-4.3999999999999995
-4.8
-4.8
-4.8
-4.8
-4.8
-4.8
-4.8
-4.8
-5.2
-5.2
-4.8
-4.8
-4.8
-5.2
-5.2
-5.2
-5.2
-5.2
-5.2
-5.2
-5.2
-5.6000000000000005
-5.6000000000000005
-5.6000000000000005
-5.6000000000000005
-5.6000000000000005
-5.6000000000000005
-5.6000000000000005
-5.6000000000000005
-5.6000000000000005
-6.000000000000001
-5.6000000000000005
-5.6000000000000005
-6.000000000000001
-6.000000000000001
-6.000000000000001
-6.000000000000001
-6.000000000000001
-6.000000000000001
-6.000000000000001
-6.000000000000001
-6.000000000000001
-6.000000000000001
-6.000000000000001
-6.400000000000001
-6.400000000000001
-6.400000000000001
-6.400000000000001
-6.400000000000001
-6.400000000000001
-6.400000000000001
-6.400000000000001
-6.400000000000001
-6.400000000000001
-6.400000000000001
-6.799999999999999
-6.799999999999999
-6.799999999999999
-6.799999999999999
-6.799999999999999
-6.799999999999999
-6.799999999999999
-6.799999999999999
-6.799999999999999
-6.799999999999999
-6.799999999999999
-6.799999999999999
-6.799999999999999
-6.799999999999999
-7.199999999999999
-7.199999999999999
-7.199999999999999
-7.199999999999999
-7.199999999999999
-7.199999999999999
-7.199999999999999
-7.199999999999999
-7.6
-7.6
-7.6
-7.6
-7.6
-7.199999999999999
-7.199999999999999
-7.6
-7.6
-7.6
-7.6
-7.6
-7.6
-7.6
-7.6
-7.6
-8.0
-7.6
-7.6
-7.6
-8.0
-8.0
-8.0
-8.0
-8.0
-8.0
-8.0
-8.0
-8.0
-8.0
-8.0
-8.0
-8.0
-8.0
-8.4
-8.4
-8.4
-8.4
-8.4
-8.4
-8.0
-8.0
-8.4
-8.4
-8.4
-8.0
-8.4
-8.4
-8.4
-8.4
-8.4
-8.4
-8.4
-8.4
-8.4
-8.4
-8.4
-8.4
-8.8
-8.8
-8.4
-8.8
-8.8
-8.8
-8.8
-8.8
-8.8
-9.200000000000001
-8.8
-8.8
-8.8
-9.200000000000001
-8.8
-8.8
-8.8
-8.8
-8.8
-9.200000000000001
-8.8
-9.200000000000001
-8.8
-9.200000000000001
-9.200000000000001
-9.200000000000001
-9.200000000000001
-9.200000000000001
-9.200000000000001
-9.200000000000001
-9.200000000000001
-9.200000000000001
-9.200000000000001
-9.200000000000001
-9.200000000000001
-9.200000000000001
-9.200000000000001
-9.6
-9.200000000000001
-9.6
-9.200000000000001
-9.6
-9.6
-9.200000000000001
-9.200000000000001
-9.6
-9.6
-9.6
-9.6
-9.6
-9.6
-9.6
-10.0
-9.6
-9.6
-9.200000000000001
-9.6
-9.6
-9.6
-9.6
-9.6
-9.6
-10.0
-9.6
-9.6
-10.0
-9.6
-9.6
-10.0
-9.6
-9.6
-10.0
-10.0
-9.6
-10.0
-10.0
-10.0
-9.6
-9.6
-10.0
-10.0
-10.0
-10.0
-10.0
-10.0
-10.0
-10.0
-10.0
-10.0
-10.0
-10.0
-10.0
-10.0
-10.0
-10.0
-10.0
-10.0
-10.0
-10.0
-10.4
-10.0
-10.4
-10.0
-10.4
-10.0
-10.4
-10.0
-10.4
-10.4
-10.4
-10.4
-10.4
-10.4
-10.4
-10.4
-10.4
-10.4
-10.4
-10.4
-10.4
-10.4
-10.4
-10.0
-10.4
-10.4
-10.8
-10.4
-10.4
-10.4
-10.8
-10.8
-10.4
-10.4
-10.4
-10.4
-10.8
-10.4
-10.4
-10.4
-10.4
-10.8
-10.8
-10.8
-10.8
-10.4
-10.4
-10.4
-10.4
-10.8
-10.4
-10.8
-10.8
-10.8
-10.8
-10.8
-10.8
-10.8
-10.8
-10.8
-10.8
-10.8
-10.8
-10.4
-10.8
-10.8
-11.200000000000001
-10.8
-10.8
-10.8
-10.8
-10.8
-10.8
-10.8
-10.8
-10.8
-10.8
-10.8
-10.8
-10.8
-10.8
-10.8
-10.8
-10.8
-10.8
-10.8
-11.200000000000001
-11.200000000000001
-9.6
-8.0
-6.400000000000001
-6.000000000000001
-4.8
-4.8
-4.3999999999999995
-4.3999999999999995
-4.000000000000002
-4.3999999999999995
-4.000000000000002
-4.000000000000002
-4.000000000000002
-4.000000000000002
-4.000000000000002
-4.000000000000002
-4.3999999999999995
-4.000000000000002
-4.000000000000002
-4.000000000000002
-4.3999999999999995
-4.000000000000002
-4.000000000000002
-4.000000000000002
-4.000000000000002
-4.000000000000002
-4.000000000000002
-4.3999999999999995
-4.3999999999999995
-4.3999999999999995
-4.3999999999999995
-4.3999999999999995
-4.3999999999999995
-4.3999999999999995
-4.3999999999999995
-4.3999999999999995
-2.8000000000000003
-1.200000000000001
-0.40000000000000036
0.40000000000000036
0.8000000000000007
1.200000000000001
1.200000000000001
1.200000000000001
1.6000000000000014
1.6000000000000014
1.6000000000000014
1.6000000000000014
1.6000000000000014
1.6000000000000014
1.6000000000000014
1.6000000000000014
1.6000000000000014
1.6000000000000014
1.200000000000001
1.6000000000000014
1.200000000000001
1.200000000000001
1.200000000000001
1.200000000000001
1.200000000000001
1.200000000000001
1.200000000000001
0.8000000000000007
0.8000000000000007
0.8000000000000007
0.8000000000000007
0.8000000000000007
0.8000000000000007
0.8000000000000007
0.40000000000000036
0.8000000000000007
2.0000000000000018
3.1999999999999984
3.5999999999999988
4.3999999999999995
4.3999999999999995
4.3999999999999995
4.3999999999999995
4.8
4.8
4.8
4.8
4.8
4.3999999999999995
4.8
4.3999999999999995
4.8
4.3999999999999995
4.3999999999999995
4.8
4.3999999999999995
4.3999999999999995
3.999999999999999
3.999999999999999
3.999999999999999
3.999999999999999
3.999999999999999
3.999999999999999
3.999999999999999
3.5999999999999988
3.5999999999999988
3.999999999999999
3.5999999999999988
3.5999999999999988
3.5999999999999988
3.5999999999999988
3.999999999999999
4.8
5.6000000000000005
6.000000000000001
6.400000000000001
6.400000000000001
6.400000000000001
6.800000000000002
6.800000000000002
6.800000000000002
6.800000000000002
6.400000000000001
6.400000000000001
6.400000000000001
6.400000000000001
6.400000000000001
6.400000000000001
6.400000000000001
6.000000000000001
6.000000000000001
6.400000000000001
6.000000000000001
6.000000000000001
6.000000000000001
5.6000000000000005
5.6000000000000005
5.6000000000000005
5.6000000000000005
5.6000000000000005
5.2
5.6000000000000005
5.2
5.2
4.8
4.8
5.2
5.6000000000000005
6.400000000000001
6.800000000000002
7.200000000000002
7.599999999999998
7.599999999999998
7.999999999999998
7.599999999999998
7.599999999999998
7.599999999999998
7.599999999999998
7.599999999999998
7.599999999999998
7.599999999999998
7.599999999999998
7.599999999999998
7.599999999999998
7.200000000000002
6.800000000000002
6.800000000000002
6.800000000000002
6.800000000000002
6.800000000000002
6.800000000000002
6.800000000000002
6.400000000000001
6.400000000000001
6.400000000000001
6.400000000000001
6.400000000000001
6.400000000000001
6.000000000000001
6.000000000000001
6.000000000000001
6.000000000000001
6.000000000000001
6.800000000000002
7.599999999999998
7.999999999999998
7.999999999999998
8.399999999999999
7.999999999999998
8.399999999999999
8.399999999999999
7.999999999999998
8.399999999999999
8.399999999999999
7.999999999999998
7.999999999999998
7.999999999999998
7.999999999999998
7.999999999999998
7.599999999999998
7.599999999999998
7.999999999999998
7.599999999999998
7.200000000000002
7.599999999999998
7.200000000000002
6.800000000000002
7.200000000000002
7.200000000000002
7.200000000000002
6.800000000000002
6.800000000000002
6.800000000000002
6.800000000000002
6.800000000000002
6.400000000000001
6.400000000000001
6.400000000000001
6.400000000000001
7.200000000000002
7.599999999999998
7.999999999999998
8.399999999999999
8.399999999999999
8.799999999999999
8.399999999999999
8.799999999999999
8.399999999999999
8.399999999999999
8.399999999999999
8.399999999999999
8.399999999999999
8.399999999999999
8.399999999999999
7.999999999999998
7.999999999999998
7.999999999999998
7.999999999999998
7.599999999999998
7.599999999999998
7.599999999999998
7.200000000000002
7.599999999999998
7.599999999999998
7.200000000000002
7.200000000000002
6.800000000000002
7.200000000000002
6.800000000000002
6.800000000000002
6.800000000000002
6.400000000000001
6.800000000000002
6.800000000000002
6.800000000000002
7.599999999999998
7.999999999999998
8.399999999999999
8.399999999999999
8.799999999999999
8.799999999999999
8.799999999999999
8.799999999999999
8.399999999999999
8.399999999999999
8.399999999999999
8.799999999999999
8.399999999999999
7.999999999999998
7.999999999999998
7.999999999999998
7.999999999999998
7.999999999999998
7.999999999999998
7.999999999999998
7.599999999999998
7.599999999999998
7.599999999999998
7.599999999999998
7.200000000000002
7.200000000000002
7.200000000000002
7.200000000000002
7.200000000000002
6.800000000000002
6.800000000000002
6.800000000000002
6.800000000000002
6.400000000000001
6.400000000000001
7.200000000000002
7.599999999999998
7.999999999999998
8.399999999999999
8.399999999999999
8.799999999999999
8.799999999999999
8.799999999999999
8.799999999999999
8.799999999999999
8.399999999999999
8.399999999999999
8.399999999999999
8.399999999999999
8.399999999999999
8.399999999999999
8.399999999999999
8.399999999999999
7.999999999999998
7.999999999999998
7.999999999999998
7.999999999999998
7.599999999999998
7.200000000000002
7.599999999999998
7.200000000000002
7.200000000000002
7.200000000000002
7.200000000000002
7.200000000000002
6.800000000000002
6.800000000000002
6.800000000000002
6.400000000000001
6.400000000000001
6.400000000000001
7.200000000000002
7.999999999999998
7.999999999999998
8.399999999999999
8.399999999999999
8.799999999999999
8.399999999999999
8.399999999999999
8.799999999999999
8.399999999999999
8.399999999999999
8.399999999999999
8.399999999999999
8.399999999999999
7.999999999999998
7.999999999999998
7.999999999999998
7.999999999999998
7.999999999999998
7.599999999999998
7.599999999999998
7.599999999999998
7.599999999999998
7.599999999999998
7.200000000000002
7.200000000000002
7.200000000000002
7.200000000000002
7.200000000000002
7.200000000000002
6.800000000000002
6.800000000000002
6.800000000000002
6.800000000000002
6.400000000000001
6.800000000000002
7.599999999999998
7.599999999999998
7.999999999999998
8.399999999999999
8.399999999999999
8.399999999999999
8.799999999999999
8.399999999999999
8.399999999999999
8.399999999999999
8.399999999999999
8.399999999999999
8.399999999999999
8.399999999999999
8.399999999999999
7.999999999999998
7.999999999999998
7.999999999999998
7.599999999999998
7.599999999999998
7.599999999999998
7.599999999999998
7.599999999999998
7.599999999999998
7.599999999999998
7.200000000000002
7.200000000000002
6.800000000000002
6.800000000000002
6.800000000000002
6.800000000000002
6.800000000000002
6.400000000000001
6.400000000000001
6.400000000000001
6.800000000000002
7.599999999999998
7.999999999999998
7.999999999999998
8.399999999999999
8.399999999999999
8.399999999999999
8.399999999999999
8.399999999999999
8.399999999999999
7.999999999999998
8.399999999999999
8.399999999999999
8.399999999999999
7.999999999999998
7.999999999999998
7.599999999999998
7.599999999999998
7.999999999999998
7.599999999999998
7.599999999999998
7.599999999999998
7.599999999999998
7.200000000000002
7.200000000000002
7.200000000000002
7.200000000000002
6.800000000000002
6.800000000000002
6.800000000000002
6.800000000000002
6.400000000000001
6.400000000000001
6.800000000000002
6.400000000000001
6.400000000000001
7.200000000000002
7.599999999999998
7.999999999999998
7.999999999999998
7.999999999999998
8.399999999999999
8.399999999999999
7.999999999999998
8.399999999999999
8.399999999999999
7.999999999999998
7.999999999999998
7.999999999999998
7.999999999999998
7.999999999999998
7.999999999999998
7.999999999999998
7.599999999999998
7.599999999999998
7.599999999999998
7.599999999999998
7.200000000000002
7.599999999999998
7.200000000000002
7.200000000000002
6.800000000000002
6.800000000000002
6.800000000000002
6.800000000000002
6.800000000000002
6.400000000000001
6.400000000000001
6.400000000000001
6.400000000000001
6.400000000000001
6.400000000000001
6.800000000000002
7.599999999999998
7.999999999999998
7.999999999999998
7.999999999999998
8.399999999999999
7.999999999999998
7.999999999999998
7.999999999999998
7.999999999999998
7.999999999999998
7.999999999999998
7.999999999999998
7.999999999999998
7.999999999999998
7.599999999999998
7.599999999999998
7.599999999999998
7.599999999999998
7.200000000000002
7.200000000000002
7.200000000000002
7.200000000000002
7.200000000000002
6.800000000000002
6.800000000000002
7.200000000000002
6.800000000000002
6.400000000000001
6.800000000000002
6.400000000000001
6.400000000000001
6.400000000000001
6.400000000000001
6.000000000000001
6.000000000000001
6.000000000000001
5.6000000000000005
5.6000000000000005
5.6000000000000005
5.6000000000000005
5.6000000000000005
5.6000000000000005
5.2
5.2
4.8
5.2
4.8
4.8
4.8
4.8
4.3999999999999995
4.3999999999999995
4.3999999999999995
4.3999999999999995
4.3999999999999995
3.999999999999999
3.999999999999999
3.999999999999999
3.999999999999999
3.999999999999999
3.5999999999999988
3.999999999999999
3.5999999999999988
3.5999999999999988
3.5999999999999988
3.1999999999999984
3.1999999999999984
3.5999999999999988
3.1999999999999984
3.1999999999999984
3.1999999999999984
3.1999999999999984
2.799999999999998
2.799999999999998
2.799999999999998
2.799999999999998
2.799999999999998
2.799999999999998
2.3999999999999977
2.3999999999999977
2.3999999999999977
2.3999999999999977
2.3999999999999977
2.0000000000000018
2.0000000000000018
2.0000000000000018
2.0000000000000018
2.0000000000000018
2.0000000000000018
2.0000000000000018
1.6000000000000014
1.6000000000000014
2.0000000000000018
1.200000000000001
1.200000000000001
1.200000000000001
1.200000000000001
1.200000000000001
1.200000000000001
1.200000000000001
0.8000000000000007
0.8000000000000007
0.8000000000000007
0.8000000000000007
0.8000000000000007
0.40000000000000036
0.8000000000000007
0.8000000000000007
0.40000000000000036
0.40000000000000036
0.40000000000000036
0.40000000000000036
0.40000000000000036
0.40000000000000036
0.40000000000000036
0.0
0.0
0.0
0.0
-0.40000000000000036
0.0
-0.40000000000000036
-0.40000000000000036
-0.40000000000000036
-0.40000000000000036
-0.40000000000000036
-0.40000000000000036
-0.8000000000000007
-0.8000000000000007
-0.8000000000000007
-0.8000000000000007
-0.8000000000000007
-0.8000000000000007
-0.8000000000000007
-0.8000000000000007
-1.200000000000001
-1.200000000000001
-1.200000000000001
-1.200000000000001
-1.200000000000001
-1.200000000000001
-1.6000000000000014
-1.6000000000000014
-1.6000000000000014
-1.6000000000000014
-1.6000000000000014
-1.6000000000000014
-1.6000000000000014
-1.9999999999999996
-1.9999999999999996
-1.6000000000000014
-1.9999999999999996
-1.9999999999999996
-2.4
-1.9999999999999996
-2.4
-1.9999999999999996
-1.9999999999999996
-2.4
-2.4
-2.4
-2.4
-2.4
-2.4
-2.8000000000000003
-2.4
-2.4
-2.4
-2.8000000000000003
-2.8000000000000003
-2.8000000000000003
-3.2000000000000006
-3.2000000000000006
-3.2000000000000006
-3.2000000000000006
-3.2000000000000006
-3.2000000000000006
-3.2000000000000006
-3.2000000000000006
-3.2000000000000006
-3.2000000000000006
-3.600000000000001
-3.600000000000001
-3.600000000000001
-3.600000000000001
-4.000000000000002
-3.600000000000001
-4.000000000000002
-3.600000000000001
-3.600000000000001
-4.000000000000002
-4.000000000000002
-4.000000000000002
-4.000000000000002
-4.000000000000002
-4.000000000000002
-4.000000000000002
-4.000000000000002
-4.000000000000002
-4.000000000000002
-4.000000000000002
-4.3999999999999995
-4.3999999999999995
-4.3999999999999995
-4.000000000000002
-4.3999999999999995
-4.8
-4.3999999999999995
-4.3999999999999995
-4.3999999999999995
-4.8
-4.3999999999999995
-4.8
-4.8
-4.8
-4.8
-4.8
-4.8
-4.8
-5.2
-4.8
-4.8
-5.2
-5.2
-5.2
-5.2
-5.2
-5.2
-5.2
-4.8
-5.6000000000000005
-5.6000000000000005
-5.2
-5.2
-5.2
-5.2
-5.6000000000000005
-5.6000000000000005
-5.6000000000000005
-6.000000000000001
-6.000000000000001
-5.6000000000000005
-6.000000000000001
-5.6000000000000005
-5.6000000000000005
-6.000000000000001
-5.6000000000000005
-6.000000000000001
-6.000000000000001
-6.400000000000001
-6.400000000000001
-6.000000000000001
-6.000000000000001
-6.000000000000001
-6.400000000000001
-6.000000000000001
-6.400000000000001
-6.400000000000001
-6.400000000000001
-6.400000000000001
-6.400000000000001
-6.400000000000001
-6.400000000000001
-6.400000000000001
-6.799999999999999
-6.400000000000001
-6.400000000000001
-6.799999999999999
-6.400000000000001
-6.799999999999999
-6.400000000000001
-6.400000000000001
-6.799999999999999
-6.400000000000001
-6.799999999999999
-6.799999999999999
-6.799999999999999
-6.799999999999999
-6.799999999999999
-7.199999999999999
-6.799999999999999
-7.199999999999999
-7.199999999999999
-7.199999999999999
-7.6
-6.799999999999999
-7.199999999999999
-7.6
-7.199999999999999
-7.6
-7.199999999999999
-7.6
-7.6
-7.6
-7.6
-7.6
-7.6
-7.6
-7.6
-8.0
-7.6
-7.6
-7.6
-7.6
-8.0
-7.6
-7.6
-8.0
-8.0
-8.0
-8.0
-7.6
-8.0
-8.0
-8.0
-8.0
-8.0
-8.0
-8.0
-8.0
-8.0
-8.0
-8.0
-8.4
-8.0
-8.4
-8.0
-8.4
-8.0
-8.4
-8.4
-8.4
-8.4
-8.4
-8.4
-8.4
-8.4
-8.4
-8.4
-8.4
-8.8
-8.8
-8.4
-8.8
-8.8
-8.8
-8.8
-8.4
-8.8
-8.4
-8.8
-8.8
-8.8
-8.8
-8.8
-8.8
-8.8
-8.8
-8.8
-9.200000000000001
-8.8
-9.200000000000001
-8.8
-8.8
-8.8
-8.8
-9.200000000000001
-9.200000000000001
-9.200000000000001
-8.8
-9.200000000000001
-9.200000000000001
-9.200000000000001
-9.200000000000001
-9.200000000000001
-9.200000000000001
-9.200000000000001
-9.200000000000001
-9.200000000000001
-9.200000000000001
-9.200000000000001
-9.200000000000001
-9.200000000000001
-9.200000000000001
-9.200000000000001
-9.6
-9.200000000000001
-9.200000000000001
-9.6
-9.200000000000001
-9.6
-9.6
-9.200000000000001
-9.200000000000001
-10.0
-9.6
-9.6
-9.6
-9.6
-9.6
-9.6
-10.0
-9.6
-9.6
-10.0
-9.6
-9.6
-9.6
-9.6
-10.0
-9.6
-9.6
-10.0
-9.6
-9.6
-10.0
-10.0
-9.6
-10.0
-10.0
-9.6
-10.0
-10.0
-10.0
-9.6
-10.0
-10.0
-9.6
-10.0
-10.0
-10.0
-10.0
-10.0
-10.0
-10.0
-10.0
-10.0
-10.0
-10.0
-10.0
-10.0
-10.4
-10.4
-10.4
-10.0
-10.4
-10.0
-10.4
-10.4
-10.0
-10.4
-10.4
-10.4
-10.4
-10.4
-10.4
-10.4
-10.4
-10.4
-10.4
-10.4
-10.4
-10.4
-10.4
-10.4
-10.4
-10.4
-10.4
-10.4
-10.4
-10.8
-10.4
-10.4
-10.4
-10.8
-10.4
-10.4
-10.8
-10.4
-10.4
-10.4
-10.4
-10.4
-10.4
-10.8
-10.8
-10.4
-10.8
-10.4
-10.8
-10.4
-10.8
-10.8
-10.8
-10.8
-10.8
-10.8
-10.8
-10.8
-10.8
-10.8
-10.8
-10.8
-10.8
-10.8
-10.4
-10.8
-10.8
-10.4
-10.8
-10.8
-10.8
-10.8
-10.8
-10.8
-10.8
-10.8
-10.8
-10.8
-11.200000000000001
-10.8
-10.4
-10.8
-10.8
-10.8
-10.8
-10.8
-10.8
-11.200000000000001
-10.8
-11.200000000000001
-10.8
-11.200000000000001
-11.200000000000001
-9.6
-8.0
-6.799999999999999
-6.000000000000001
-5.2
-4.8
-4.3999999999999995
-4.3999999999999995
-4.3999999999999995
-4.3999999999999995
-4.3999999999999995
-4.000000000000002
-4.3999999999999995
-4.000000000000002
-4.000000000000002
-4.3999999999999995
-4.3999999999999995
-4.000000000000002
-4.000000000000002
-4.000000000000002
-4.000000000000002
-4.000000000000002
-4.000000000000002
-4.000000000000002
-4.3999999999999995
-4.000000000000002
-4.3999999999999995
-4.000000000000002
-4.3999999999999995
-4.3999999999999995
-4.3999999999999995
-4.3999999999999995
-4.3999999999999995
-4.3999999999999995
-4.3999999999999995
-4.8
-2.8000000000000003
-1.200000000000001
-0.40000000000000036
0.40000000000000036
0.8000000000000007
1.200000000000001
1.200000000000001
1.6000000000000014
1.6000000000000014
1.6000000000000014
1.6000000000000014
1.6000000000000014
1.6000000000000014
1.6000000000000014
1.6000000000000014
1.6000000000000014
1.6000000000000014
1.200000000000001
1.6000000000000014
1.200000000000001
1.200000000000001
1.200000000000001
1.200000000000001
1.200000000000001
1.200000000000001
0.8000000000000007
0.8000000000000007
0.8000000000000007
1.200000000000001
0.8000000000000007
0.8000000000000007
0.8000000000000007
0.8000000000000007
0.40000000000000036
0.40000000000000036
0.8000000000000007
2.0000000000000018
3.1999999999999984
3.5999999999999988
3.999999999999999
4.3999999999999995
4.8
4.8
4.8
4.8
4.8
4.8
4.8
4.8
4.8
4.3999999999999995
4.3999999999999995
4.3999999999999995
4.3999999999999995
4.3999999999999995
4.3999999999999995
3.999999999999999
4.3999999999999995
4.3999999999999995
3.999999999999999
3.999999999999999
3.999999999999999
3.999999999999999
3.999999999999999
3.5999999999999988
3.5999999999999988
3.5999999999999988
3.5999999999999988
3.5999999999999988
3.1999999999999984
3.5999999999999988
3.999999999999999
4.8
5.6000000000000005
6.000000000000001
6.400000000000001
6.400000000000001
6.800000000000002
6.800000000000002
6.400000000000001
6.400000000000001
6.800000000000002
6.800000000000002
6.400000000000001
6.400000000000001
6.400000000000001
6.400000000000001
6.400000000000001
6.000000000000001
6.000000000000001
6.400000000000001
6.000000000000001
6.000000000000001
5.6000000000000005
6.000000000000001
5.6000000000000005
5.6000000000000005
5.6000000000000005
5.6000000000000005
5.6000000000000005
5.6000000000000005
5.2
5.2
5.2
4.8
5.2
5.2
5.6000000000000005
6.400000000000001
6.800000000000002
7.200000000000002
7.200000000000002
7.599999999999998
7.999999999999998
7.599999999999998
7.599999999999998
7.599999999999998
7.599999999999998
7.599999999999998
7.599999999999998
7.599999999999998
7.200000000000002
7.200000000000002
7.200000000000002
7.200000000000002
7.200000000000002
7.200000000000002
7.200000000000002
6.800000000000002
6.800000000000002
6.800000000000002
6.800000000000002
6.400000000000001
6.400000000000001
6.400000000000001
6.400000000000001
6.400000000000001
6.000000000000001
6.000000000000001
6.000000000000001
6.000000000000001
6.000000000000001
6.000000000000001
6.800000000000002
7.599999999999998
7.599999999999998
7.999999999999998
7.999999999999998
7.999999999999998
8.399999999999999
8.399999999999999
7.999999999999998
8.399999999999999
7.999999999999998
8.399999999999999
7.999999999999998
7.999999999999998
7.999999999999998
7.999999999999998
7.999999999999998
7.599999999999998
7.599999999999998
7.599999999999998
7.200000000000002
7.200000000000002
7.200000000000002
7.200000000000002
7.200000000000002
7.200000000000002
7.200000000000002
6.800000000000002
6.400000000000001
6.800000000000002
6.800000000000002
6.800000000000002
6.400000000000001
6.400000000000001
6.400000000000001
6.400000000000001
7.200000000000002
7.999999999999998
8.399999999999999
8.399999999999999
8.399999999999999
8.799999999999999
8.399999999999999
8.799999999999999
8.399999999999999
8.399999999999999
8.399999999999999
8.399999999999999
7.999999999999998
7.999999999999998
7.999999999999998
7.999999999999998
7.999999999999998
7.599999999999998
7.999999999999998
7.999999999999998
7.599999999999998
7.599999999999998
7.599999999999998
7.200000000000002
7.200000000000002
7.200000000000002
7.200000000000002
7.200000000000002
7.200000000000002
7.200000000000002
6.800000000000002
6.800000000000002
6.400000000000001
6.400000000000001
6.400000000000001
6.800000000000002
7.599999999999998
7.599999999999998
8.399999999999999
8.399999999999999
8.799999999999999
8.799999999999999
8.799999999999999
8.799999999999999
8.799999999999999
8.399999999999999
8.799999999999999
8.399999999999999
7.999999999999998
8.399999999999999
7.999999999999998
7.999999999999998
7.999999999999998
7.999999999999998
7.999999999999998
7.999999999999998
7.599999999999998
7.599999999999998
7.599999999999998
7.200000000000002
7.599999999999998
7.200000000000002
7.200000000000002
7.200000000000002
6.800000000000002
7.200000000000002
6.800000000000002
6.800000000000002
6.800000000000002
6.400000000000001
6.400000000000001
7.200000000000002
7.999999999999998
7.999999999999998
8.399999999999999
8.399999999999999
8.799999999999999
8.399999999999999
8.799999999999999
8.799999999999999
8.799999999999999
8.399999999999999
8.399999999999999
8.399999999999999
8.399999999999999
8.399999999999999
7.999999999999998
7.999999999999998
7.999999999999998
7.999999999999998
7.999999999999998
7.599999999999998
7.599999999999998
7.599999999999998
7.599999999999998
7.200000000000002
7.599999999999998
7.599999999999998
6.800000000000002
7.200000000000002
6.800000000000002
6.800000000000002
6.800000000000002
6.800000000000002
6.400000000000001
6.400000000000001
6.800000000000002
7.599999999999998
7.599999999999998
8.399999999999999
8.399999999999999
8.399999999999999
8.799999999999999
8.399999999999999
8.799999999999999
8.399999999999999
8.799999999999999
8.399999999999999
8.399999999999999
8.399999999999999
8.399999999999999
8.399999999999999
8.399999999999999
7.999999999999998
7.999999999999998
7.599999999999998
7.999999999999998
7.999999999999998
7.599999999999998
7.599999999999998
7.599999999999998
7.599999999999998
7.200000000000002
7.200000000000002
7.200000000000002
7.200000000000002
6.800000000000002
6.800000000000002
6.800000000000002
6.800000000000002
6.800000000000002
6.400000000000001
6.800000000000002
7.599999999999998
7.999999999999998
8.399999999999999
7.999999999999998
8.399999999999999
8.399999999999999
8.399999999999999
8.399999999999999
8.399999999999999
8.399999999999999
8.399999999999999
8.399999999999999
8.399999999999999
8.399999999999999
8.399999999999999
7.999999999999998
7.999999999999998
7.599999999999998
7.599999999999998
7.599999999999998
7.599999999999998
7.599999999999998
7.599999999999998
7.200000000000002
7.200000000000002
7.200000000000002
7.200000000000002
6.800000000000002
7.200000000000002
6.800000000000002
6.800000000000002
6.400000000000001
6.400000000000001
6.000000000000001
6.400000000000001
6.800000000000002
7.599999999999998
7.999999999999998
8.399999999999999
8.399999999999999
8.399999999999999
8.399999999999999
8.399999999999999
8.399999999999999
8.399999999999999
8.399999999999999
7.999999999999998
8.399999999999999
7.999999999999998
7.999999999999998
7.999999999999998
7.999999999999998
7.999999999999998
7.599999999999998
7.599999999999998
7.599999999999998
7.599999999999998
7.599999999999998
7.200000000000002
7.200000000000002
7.200000000000002
6.800000000000002
7.200000000000002
6.800000000000002
6.800000000000002
6.800000000000002
6.800000000000002
6.400000000000001
6.400000000000001
6.400000000000001
6.400000000000001
7.200000000000002
7.599999999999998
7.999999999999998
7.999999999999998
7.999999999999998
8.399999999999999
8.399999999999999
8.399999999999999
8.399999999999999
8.399999999999999
7.999999999999998
7.999999999999998
7.999999999999998
7.999999999999998
7.999999999999998
7.999999999999998
7.999999999999998
7.599999999999998
7.599999999999998
7.599999999999998
7.599999999999998
7.200000000000002
7.200000000000002
7.200000000000002
7.200000000000002
6.800000000000002
6.800000000000002
6.800000000000002
6.800000000000002
6.800000000000002
6.800000000000002
6.400000000000001
6.400000000000001
6.400000000000001
6.400000000000001
6.400000000000001
7.200000000000002
7.599999999999998
7.999999999999998
7.999999999999998
8.399999999999999
7.999999999999998
8.399999999999999
7.999999999999998
7.999999999999998
7.999999999999998
7.999999999999998
7.999999999999998
7.999999999999998
7.999999999999998
7.999999999999998
7.999999999999998
7.999999999999998
7.599999999999998
7.599999999999998
7.200000000000002
7.200000000000002
7.200000000000002
7.200000000000002
7.200000000000002
6.800000000000002
7.200000000000002
6.800000000000002
6.800000000000002
6.400000000000001
6.400000000000001
6.400000000000001
6.400000000000001
6.000000000000001
6.000000000000001
6.000000000000001
6.000000000000001
6.000000000000001
6.000000000000001
6.000000000000001
5.6000000000000005
5.6000000000000005
5.6000000000000005
5.2
5.2
5.2
5.2
5.2
4.8
4.8
4.8
4.8
4.8
4.3999999999999995
4.3999999999999995
4.3999999999999995
4.3999999999999995
4.3999999999999995
3.999999999999999
3.999999999999999
3.999999999999999
3.999999999999999
3.999999999999999
3.5999999999999988
3.5999999999999988
3.5999999999999988
3.5999999999999988
3.1999999999999984
3.5999999999999988
3.1999999999999984
3.1999999999999984
2.799999999999998
3.1999999999999984
3.1999999999999984
3.1999999999999984
2.799999999999998
2.799999999999998
2.799999999999998
2.799999999999998
2.3999999999999977
2.3999999999999977
2.3999999999999977
2.3999999999999977
2.3999999999999977
2.3999999999999977
2.0000000000000018
2.0000000000000018
2.0000000000000018
2.0000000000000018
2.0000000000000018
2.0000000000000018
1.6000000000000014
1.6000000000000014
1.6000000000000014
1.6000000000000014
1.200000000000001
1.6000000000000014
1.6000000000000014
1.200000000000001
1.200000000000001
1.200000000000001
0.8000000000000007
0.8000000000000007
0.8000000000000007
0.8000000000000007
0.8000000000000007
0.40000000000000036
0.8000000000000007
0.8000000000000007
0.8000000000000007
0.40000000000000036
0.40000000000000036
0.40000000000000036
0.0
0.40000000000000036
0.40000000000000036
0.40000000000000036
0.0
0.0
0.0
0.0
0.0
-0.40000000000000036
-0.40000000000000036
-0.40000000000000036
-0.40000000000000036
-0.8000000000000007
-0.40000000000000036
-0.40000000000000036
-0.8000000000000007
-0.40000000000000036
-0.8000000000000007
-0.8000000000000007
-0.8000000000000007
-0.8000000000000007
-0.8000000000000007
-0.8000000000000007
-1.200000000000001
-1.200000000000001
-1.200000000000001
-1.200000000000001
-1.6000000000000014
-1.200000000000001
-1.200000000000001
-1.200000000000001
-1.6000000000000014
-1.6000000000000014
-1.6000000000000014
-1.6000000000000014
-1.6000000000000014
-1.6000000000000014
-1.9999999999999996
-1.9999999999999996
-1.9999999999999996
-1.9999999999999996
-1.9999999999999996
-1.9999999999999996
-2.4
-2.4
-2.4
-2.4
-2.4
-2.4
-2.4
-2.4
-2.8000000000000003
-2.4
-2.8000000000000003
-2.8000000000000003
-2.8000000000000003
-2.8000000000000003
-2.8000000000000003
-3.2000000000000006
-2.8000000000000003
-3.2000000000000006
-3.2000000000000006
-3.2000000000000006
-3.2000000000000006
-3.2000000000000006
-3.2000000000000006
-3.2000000000000006
-3.600000000000001
-3.2000000000000006
-3.600000000000001
-3.600000000000001
-3.600000000000001
-3.600000000000001
-3.600000000000001
-3.600000000000001
-3.600000000000001
-3.600000000000001
-4.000000000000002
-4.000000000000002
-4.000000000000002
-4.000000000000002
-4.000000000000002
-4.000000000000002
-4.000000000000002
-4.000000000000002
-4.3999999999999995
-4.000000000000002
-4.3999999999999995
-4.000000000000002
-4.000000000000002
-4.000000000000002
-4.3999999999999995
-4.3999999999999995
-4.3999999999999995
-4.3999999999999995
-4.3999999999999995
-4.3999999999999995
-4.3999999999999995
-4.3999999999999995
-4.8
-4.3999999999999995
-4.8
-4.3999999999999995
-4.8
-4.8
-4.8
-4.8
-5.2
-4.8
-5.2
-4.8
-5.2
-5.2
-5.2
-5.2
-5.2
-5.2
-5.2
-5.2
-5.2
-5.6000000000000005
-5.2
-5.2
-5.6000000000000005
-5.6000000000000005
-5.6000000000000005
-5.6000000000000005
-6.000000000000001
-5.6000000000000005
-5.6000000000000005
-5.6000000000000005
-5.6000000000000005
-6.000000000000001
-6.000000000000001
-5.6000000000000005
-6.000000000000001
-6.000000000000001
-6.400000000000001
-6.000000000000001
-6.000000000000001
-6.000000000000001
-6.400000000000001
-6.000000000000001
-6.000000000000001
-6.400000000000001
-6.400000000000001
-6.400000000000001
-6.400000000000001
-6.400000000000001
-6.400000000000001
-6.400000000000001
-6.400000000000001
-6.799999999999999
-6.400000000000001
-6.400000000000001
-6.799999999999999
-6.400000000000001
-6.400000000000001
-6.400000000000001
-6.400000000000001
-6.799999999999999
-6.799999999999999
-6.799999999999999
-6.799999999999999
-6.799999999999999
-6.799999999999999
-6.799999999999999
-7.199999999999999
-7.199999999999999
-6.799999999999999
-7.199999999999999
-7.199999999999999
-7.6
-7.199999999999999
-7.199999999999999
-7.199999999999999
-7.199999999999999
-7.199999999999999
-7.6
-7.199999999999999
-7.6
-7.199999999999999
-7.6
-7.6
-7.6
-7.6
-7.6
-7.199999999999999
-7.6
-7.6
-8.0
-7.6
-8.0
-8.0
-7.6
-7.6
-7.6
-8.0
-7.6
-8.0
-8.0
-8.0
-8.0
-8.0
-8.0
-8.0
-8.0
-8.4
-8.4
-8.0
-8.0
-8.0
-8.0
-8.4
-8.4
-8.0
-8.4
-8.4
-8.4
-8.4
-8.4
-8.4
-8.0
-8.4
-8.4
-8.4
-8.4
-8.4
-8.4
-8.4
-8.4
-8.8
-8.4
-8.8
-8.8
-8.8
-8.8
-8.8
-8.8
-8.4
-8.8
-8.8
-8.8
-8.8
-8.8
-8.8
-8.8
-8.8
-8.8
-8.8
-8.8
-8.8
-9.200000000000001
-9.200000000000001
-9.200000000000001
-9.200000000000001
-9.200000000000001
-9.200000000000001
-9.200000000000001
-9.200000000000001
-9.200000000000001
-9.200000000000001
-9.200000000000001
-9.200000000000001
-9.200000000000001
-9.200000000000001
-9.200000000000001
-9.6
-9.200000000000001
-9.200000000000001
-9.200000000000001
-9.200000000000001
-9.200000000000001
-9.200000000000001
-9.200000000000001
-9.200000000000001
-9.200000000000001
-9.6
-9.200000000000001
-9.6
-9.200000000000001
-9.200000000000001
-9.6
-9.6
-9.6
-9.6
-9.6
-9.6
-9.6
-9.6
-9.6
-9.6
-9.6
-9.6
-9.6
-9.6
-9.6
-9.6
-9.6
-10.0
-9.6
-9.6
-9.6
-9.6
-10.0
-9.6
-10.0
-9.6
-10.0
-10.0
-10.0
-10.0
-10.0
-9.6
-10.0
-10.0
-10.0
-10.0
-10.0
-10.0
-10.0
-10.0
-10.0
-10.0
-10.0
-10.0
-10.0
-10.0
-10.0
-10.0
-10.4
-10.0
-10.4
-10.0
-10.0
-10.0
-10.4
-10.0
-10.4
-10.4
-10.0
-10.0
-10.4
-10.4
-10.0
-10.0
-10.4
-10.4
-10.4
-10.0
-10.4
-10.4
-10.4
-10.4
-10.4
-10.4
-10.4
-10.4
-10.4
-10.4
-10.4
-10.4
-10.4
-10.4
-10.4
-10.4
-10.4
-10.4
-10.4
-10.8
-10.4
-10.4
-10.4
-10.8
-10.4
-10.8
-10.8
-10.4
-10.8
-10.8
-10.8
-10.8
-10.4
-10.8
-10.8
-10.4
-10.8
-10.8
-10.8
-10.8
-10.8
-10.8
-10.8
-10.8
-10.8
-10.8
-10.8
-10.8
-10.8
-10.8
-10.8
-10.8
-10.8
-10.8
-10.8
-10.8
-10.8
-10.8
-10.8
-10.8
-10.8
-10.8
-10.8
-10.8
-11.200000000000001
-11.200000000000001
-10.8
-10.8
-10.8
-10.8
-10.8
-10.8
-10.0
-8.0
-6.799999999999999
-5.6000000000000005
-5.2
-4.3999999999999995
-4.8
-4.3999999999999995
-4.000000000000002
-4.000000000000002
-4.3999999999999995
-4.3999999999999995
-4.000000000000002
-4.000000000000002
-4.000000000000002
-4.000000000000002
-4.000000000000002
-4.000000000000002
-4.000000000000002
-4.000000000000002
-4.000000000000002
-4.3999999999999995
-4.000000000000002
-4.000000000000002
-4.3999999999999995
-4.000000000000002
-4.3999999999999995
-4.000000000000002
-4.3999999999999995
-4.3999999999999995
-4.3999999999999995
-4.3999999999999995
-4.3999999999999995
-4.3999999999999995
-4.3999999999999995
-4.3999999999999995
-2.8000000000000003
-1.200000000000001
-0.40000000000000036
0.40000000000000036
0.8000000000000007
1.200000000000001
1.200000000000001
1.6000000000000014
1.6000000000000014
1.6000000000000014
1.6000000000000014
1.6000000000000014
1.6000000000000014
1.6000000000000014
1.6000000000000014
1.6000000000000014
1.6000000000000014
-4.000000000000002
1.6000000000000014
1.6000000000000014
1.6000000000000014
1.200000000000001
1.200000000000001
1.200000000000001
1.200000000000001
0.8000000000000007
1.200000000000001
0.8000000000000007
0.8000000000000007
1.200000000000001
0.8000000000000007
0.8000000000000007
0.8000000000000007
0.40000000000000036
0.8000000000000007
0.8000000000000007
2.3999999999999977
3.1999999999999984
3.999999999999999
4.3999999999999995
4.3999999999999995
4.3999999999999995
4.8
4.8
4.8
4.8
4.8
4.8
4.3999999999999995
4.8
4.3999999999999995
4.3999999999999995
4.3999999999999995
4.3999999999999995
3.999999999999999
4.3999999999999995
4.3999999999999995
4.3999999999999995
4.3999999999999995
3.999999999999999
3.999999999999999
3.999999999999999
3.999999999999999
3.999999999999999
3.999999999999999
3.5999999999999988
3.5999999999999988
3.999999999999999
3.5999999999999988
3.5999999999999988
3.1999999999999984
3.999999999999999
4.8
5.6000000000000005
6.000000000000001
6.400000000000001
6.400000000000001
6.800000000000002
6.800000000000002
6.400000000000001
6.800000000000002
6.800000000000002
6.400000000000001
6.400000000000001
6.400000000000001
6.400000000000001
6.400000000000001
6.400000000000001
6.400000000000001
6.400000000000001
6.000000000000001
6.000000000000001
6.000000000000001
6.000000000000001
6.000000000000001
5.6000000000000005
6.000000000000001
5.6000000000000005
5.6000000000000005
5.6000000000000005
5.6000000000000005
5.2
5.2
5.2
5.2
5.2
4.8
5.6000000000000005
6.400000000000001
6.800000000000002
7.200000000000002
7.599999999999998
