3.4063386917
3.4077310562
3.4155743122
3.4115085602
3.4189195633
3.4048979282
3.4133973122
3.4086914063
3.4017927647
3.4066748619
3.4119887352
3.4050900936
3.4228892326
3.4258983135
3.4253861904
3.4259943962
3.4213047028
3.4207761288
3.4080672264
3.4249219894
3.4337573051
3.4222009182
3.4376950264
3.4363024235
3.4277229309
3.4336614609
3.4407682419
3.4373748302
3.4448180199
3.4419047832
3.4283792973
3.444177866
3.447218895
3.4373748302
3.4309563637
3.448387146
3.449123621
3.4514605999
3.4542136192
3.4534933567
3.4542777538
3.4433293343
3.4604082108
3.4420325756
3.4543898106
3.4600560665
3.4580392838
3.4624569416
3.466714859
3.4650821686
3.4641215801
3.4658184052
3.4662504196
3.4553182125
3.4680273533
3.450820446
3.4651460648
3.46596241
3.4704442024
3.4687473774
3.473533392
3.4696280956
3.4629852772
3.47164464
3.4701080322
3.4703001976
3.4732611179
3.4783513546
3.4691476822
3.4735012054
3.479984045
3.4690513611
3.4750220776
3.4770708084
3.481120348
3.4794399738
3.4676430225
3.4695477486
3.4836175442
3.4845778942
3.4812004566
3.4853141308
3.4895238876
3.4895718098
3.4768629074
3.4937496185
3.4923729897
3.4922130108
3.4884035587
3.485666275
3.4983432293
3.4926929474
3.4817926884
3.4834413528
3.4902281761
3.4849300385
3.5077390671
3.5071148872
3.5154063702
3.5119490623
3.506778717
3.5111966133
3.5005199909
3.5103001595
3.5186712742
3.5199837685
3.5174229145
3.5165426731
3.5182554722
3.5027132034
3.5156462193
3.5190234184
3.5234413147
3.5058505535
3.5168147087
3.5193917751
3.5122048855
3.5040574074
3.503177166
3.5271549225
3.5108282566
3.5225930214
3.5072107315
3.5233454704
3.5123329163
3.5370149612
3.5339415073
3.5391435623
3.5410804749
3.5441055298
3.5364863873
3.5336532593
3.5481393337
3.5448739529
3.5339894295
3.5207042694
3.528339386
3.5301640034
3.5329649448
3.5493557453
3.5472431183
3.5609602928
3.5521087646
3.5530371666
3.5398480892
3.5466187
3.5364863873
3.5555343628
3.5676193237
3.5529894829
3.5763425827
3.5882034302
3.6114766598
3.6290194988
3.6272108555
3.6792478561
3.6886434555
3.7129092216
3.7349498272
3.7584631443
3.7821207047
3.7904922962
3.8258185387
3.8444657326
3.8684594631
3.8870427608
3.9151821136
3.9426009655
3.9571027756
3.9701161385
4.0252423286
4.0496997833
4.0667624474
4.0534296036
4.0757422447
4.1290273666
4.1274108887
4.1437535286
4.172164917
4.1918849945
4.2297558784
4.2431373596
4.2571907043
4.2855381966
4.3277153969
4.3474192619
4.3578071594
4.385802269
4.4297881126
4.4104838371
4.436270237
4.4673070908
4.4791517258
4.498919487
4.5271868706
4.5678272247
4.5827450752
4.5958065987
4.6447701454
4.6482596397
