0.0
0.023115577889447233
0.046231155778894466
0.0693467336683417
0.09246231155778893
0.11557788944723617
0.1386934673366834
0.16180904522613063
0.18492462311557786
0.2080402010050251
0.23115577889447234
0.25427135678391954
0.2773869346733668
0.300502512562814
0.32361809045226125
0.3467336683417085
0.3698492462311557
0.39296482412060296
0.4160804020100502
0.43919597989949744
0.46231155778894467
0.4854271356783919
0.5085427135678391
0.5316582914572864
0.5547738693467336
0.5778894472361809
0.601005025125628
0.6241206030150753
0.6472361809045225
0.6703517587939698
0.693467336683417
0.7165829145728643
0.7396984924623115
0.7628140703517586
0.7859296482412059
0.8090452261306531
0.8321608040201004
0.8552763819095476
0.8783919597989949
0.901507537688442
0.9246231155778893
0.9477386934673365
0.9708542713567838
0.993969849246231
1.0170854271356782
1.0402010050251256
1.0633165829145728
1.08643216080402
1.1095477386934671
1.1326633165829143
1.1557788944723617
1.1788944723618089
1.202010050251256
1.2251256281407032
1.2482412060301507
1.2713567839195978
1.294472361809045
1.3175879396984922
1.3407035175879396
1.3638190954773868
1.386934673366834
1.4100502512562811
1.4331658291457285
1.4562814070351757
1.479396984924623
1.50251256281407
1.5256281407035173
1.5487437185929647
1.5718592964824118
1.594974874371859
1.6180904522613062
1.6412060301507536
1.6643216080402008
1.687437185929648
1.7105527638190952
1.7336683417085426
1.7567839195979897
1.779899497487437
1.803015075376884
1.8261306532663315
1.8492462311557787
1.8723618090452259
1.895477386934673
1.9185929648241202
1.9417085427135676
1.9648241206030148
1.987939698492462
2.011055276381909
2.0341708542713564
2.0572864321608035
2.080402010050251
2.1035175879396983
2.1266331658291455
2.1497487437185927
2.17286432160804
2.195979899497487
2.2190954773869342
2.2422110552763814
2.2653266331658286
2.2884422110552762
2.3115577889447234
2.3346733668341706
2.3577889447236178
2.380904522613065
2.404020100502512
2.4271356783919593
2.4502512562814065
2.473366834170854
2.4964824120603013
2.5195979899497485
2.5427135678391957
2.565829145728643
2.58894472361809
2.612060301507537
2.6351758793969844
2.6582914572864316
2.681407035175879
2.7045226130653264
2.7276381909547736
2.7507537688442207
2.773869346733668
2.796984924623115
2.8201005025125623
2.8432160804020095
2.866331658291457
2.8894472361809043
2.9125628140703514
2.9356783919597986
2.958793969849246
2.981909547738693
3.00502512562814
3.0281407035175874
3.0512562814070345
3.074371859296482
3.0974874371859293
3.1206030150753765
3.1437185929648237
3.166834170854271
3.189949748743718
3.2130653266331652
3.2361809045226124
3.25929648241206
3.2824120603015072
3.3055276381909544
3.3286432160804016
3.3517587939698488
3.374874371859296
3.397989949748743
3.4211055276381903
3.4442211055276375
3.467336683417085
3.4904522613065323
3.5135678391959795
3.5366834170854267
3.559798994974874
3.582914572864321
3.606030150753768
3.6291457286432154
3.652261306532663
3.67537688442211
3.6984924623115574
3.7216080402010046
3.7447236180904517
3.767839195979899
3.790954773869346
3.8140703517587933
3.8371859296482405
3.860301507537688
3.8834170854271353
3.9065326633165824
3.9296482412060296
3.952763819095477
3.975879396984924
3.998994974874371
4.022110552763818
4.0452261306532655
4.068341708542713
4.09145728643216
4.114572864321607
4.137688442211054
4.160804020100502
4.1839195979899495
4.207035175879397
4.230150753768844
4.253266331658291
4.276381909547738
4.299497487437185
4.322613065326633
4.34572864321608
4.368844221105527
4.391959798994974
4.415075376884421
4.4381909547738685
4.461306532663316
4.484422110552763
4.50753768844221
4.530653266331657
4.553768844221105
4.5768844221105525
4.6
