0.4092476964
0.4039295912
0.4138975739
0.4069908261
0.4112845361
0.4145698249
0.3965385854
0.3999879956
0.3907883167
0.4013805687
0.4015006125
0.4009884298
0.4005962312
0.4011884928
0.3910404146
0.4045618474
0.3937214613
0.4062464833
0.3934053481
0.3932253122
0.3958703279
0.3974789977
0.3930972517
0.3989875913
0.3893277347
0.3988875449
0.3868587315
0.3938095272
0.3940136135
0.3831252456
0.3892877102
0.3806802928
0.386418581
0.3834933937
0.3770268261
0.3854181468
0.3739776015
0.3713525534
0.3781952858
0.3816406429
0.3710004091
0.3794397712
0.3684673905
0.379167676
0.3717527092
0.3730572164
0.3658383191
0.3716846704
0.3633973598
0.371304512
0.3662424982
0.3592596948
0.3661664724
0.3552981317
0.3641816676
0.3597839177
0.3622569144
0.355930388
0.3562265038
0.3592677116
0.3556782901
0.3573829532
0.3564945757
0.3560544252
0.3466786742
0.3494558036
0.3530132174
0.3519567847
0.3428211212
0.3466946781
0.3412365019
0.3466906846
0.3412124813
0.3412604928
0.336678654
0.3405242264
0.3358823359
0.3368947804
0.3337975144
0.3360304236
0.3324809968
0.3354261518
0.3311764598
0.3307002783
0.33731094
0.3315606415
0.3335814178
0.3289555907
0.3285514116
0.329043597
0.3279871941
0.3252260983
0.3263585567
0.3235054016
0.3269387782
0.3229331672
0.3292076886
0.3279671967
0.3207002878
0.320456177
0.3252180815
0.326518625
0.3239575624
0.3243297338
0.3252541125
0.3180632293
0.3171548843
0.3213325143
0.3182152808
0.319039613
0.3149099648
0.3177871108
0.3165146112
0.312348932
0.316206485
0.3119287491
0.3132212758
0.3109723926
0.3159944117
0.3113525212
0.3152981102
0.3144137561
0.3093917668
0.3109883964
0.3113205135
0.3130212128
0.3124729991
0.3082273006
0.3067747056
0.3078151047
0.3061664701
0.3087795079
0.3085834384
0.3093797565
0.3040015996
0.3072628975
0.308055222
0.3058623672
0.3037855029
0.3056102395
0.3027611077
0.3050580323
0.3008443415
0.3042937219
0.301276505
0.3040536344
0.3027010858
0.3010444045
0.3033733666
0.2999119759
0.2979231775
0.2974269688
0.2971548736
0.2982113063
0.298835516
0.2966706753
0.2973869443
0.2966746688
0.2984633744
0.2976510525
0.2993757427
0.2967627048
0.2975630164
0.2951620519
0.2953141034
0.2979511917
0.2939295769
0.2949659824
0.2931492627
0.2958743572
0.2931772768
0.2929211855
0.2923809588
0.2930892408
0.2954021692
0.29392156
0.2914565802
0.2923289537
0.2923769355
0.2928611636
0.2932493091
0.2917607129
0.2927570939
0.2908723652
0.2919367552
0.2887274921
0.2920928299
0.2893157303
0.2915926576
0.2901440561
0.2911324501
0.2884874046
0.2907363176
0.2878831625
0.2891916633
0.2897239029
0.2877230942
0.2881832719
0.2875470221
0.2866786718
