0.210880354
0.2678591609
0.3132693172
0.330768317
0.3350540102
0.3735574186
0.3745138049
0.4659864008
0.4109403789
0.4114005864
0.4413485229
0.4403161108
0.449587822
0.456954807
0.4580712318
0.4608403444
0.4643697441
0.4648019075
0.4653661251
0.466766715
0.4713205099
0.4626490772
0.4698639512
0.4734333754
0.4718607664
0.4749059379
0.4744657874
0.4770188034
0.4731812775
0.4770148098
0.4777711034
0.4778951705
0.4795117974
0.4786914885
0.4798719287
0.4795358181
0.4808043242
0.4817126989
0.4822608829
0.4820768237
0.4799439609
0.4829651713
0.4821368456
0.4824810028
0.4841456711
0.4840496182
0.4838855267
0.4838975668
0.4843097329
0.484449774
0.4842897058
0.4856822789
0.4834333956
0.4844857752
0.4851300418
0.486066401
0.485033989
0.4862704873
0.4864225984
0.4867026508
0.485622257
0.4865105748
0.486346513
0.4862785041
0.4866226315
0.4863705635
0.486330539
0.4865866303
0.4870548248
0.4866026342
0.4873869419
0.4865266085
0.4871788919
0.4870308042
0.4859223664
0.4858863652
0.4847539365
0.485674262
0.4868667424
0.4871868491
0.4860864282
0.4863145053
0.4853381515
0.4861584604
0.4845658243
0.4837614894
0.486566633
0.4849299788
0.484169662
0.4835214317
0.4822528958
0.4819327593
0.4814886153
0.4801360667
0.4791996777
0.4803481102
0.4790916443
0.4768347442
0.4746698737
0.4756702781
0.4749619961
0.4741576612
0.472913146
0.4726410508
0.471724689
0.4694717824
0.4684353769
0.4678071439
0.4677591026
0.4663305283
0.465070039
0.4634253681
0.4625730217
0.4616046548
0.461420536
0.4601560533
0.4606282413
0.458211273
0.4585434198
0.4573069215
0.4565786123
0.4564265609
0.4545137882
0.4543817341
0.4533173144
0.4565705955
0.4507482946
0.4502401054
0.4495998621
0.4488875568
0.4481512606
0.4469507635
0.4464545846
0.4454581738
0.4458423257
0.4452540874
0.444149673
0.443485409
0.4425770044
0.4454981983
0.4415405989
0.4405962229
0.4402801096
0.4395278096
0.438631475
0.4390636384
0.4373829365
0.4370507896
0.4395918548
0.4357983172
0.4349019527
0.4356502891
0.4354902208
0.4349699914
0.4344938099
0.4332693219
0.431992799
0.4320928454
0.4317286909
0.4303761423
0.4309763908
0.429935962
0.4287394583
0.4278311133
0.4277751148
0.4267586768
0.4267827272
0.4271428883
0.4262905121
0.425966382
0.4250139892
0.4245538414
0.4243817627
0.4234653711
0.4232292771
0.4227611125
0.4228651226
0.4225049913
0.4218167365
0.4224089682
0.4215406477
0.4223809242
0.421104461
0.4212245047
0.4208083153
0.4201600552
0.4203761518
0.4200320244
0.4206002355
0.4192317128
0.4193437397
0.4193277061
0.4195998311
0.41988796
0.4187434912
0.4187274873
0.4185354114
0.4177231193
0.4179911911
0.4174709916
