0.013200000000000003
0.016
0.016
0.016800000000000002
0.0164
0.0152
0.0152
0.0136
0.013200000000000003
0.015600000000000001
0.016
0.016
0.015600000000000001
0.0152
0.013999999999999999
0.013999999999999999
0.0144
0.0152
0.016800000000000002
0.0164
0.0148
0.0152
0.0152
0.013200000000000003
0.0136
0.015600000000000001
0.0164
0.0176
0.015600000000000001
0.0148
0.0144
0.013200000000000003
0.012000000000000002
0.0152
0.016
0.016800000000000002
0.0152
0.016
0.0136
0.012800000000000002
0.0136
0.0152
0.016800000000000002
0.015600000000000001
0.015600000000000001
0.0148
0.013999999999999999
0.012800000000000002
0.013200000000000003
0.0152
0.017200000000000003
0.015600000000000001
0.016
0.0148
0.013999999999999999
0.013200000000000003
0.013200000000000003
0.0152
0.016
0.016
0.016
0.015600000000000001
0.0136
0.013200000000000003
0.013200000000000003
0.0164
0.016
0.016
0.015600000000000001
0.0148
0.012400000000000003
0.0136
0.0136
0.0144
0.016
0.016
0.0152
0.0144
0.0136
0.012800000000000002
0.012800000000000002
0.015600000000000001
0.016
0.016
0.015600000000000001
0.0148
0.0144
0.012400000000000003
0.012800000000000002
0.0136
0.016
0.0164
0.0152
0.013999999999999999
0.013200000000000003
0.012800000000000002
0.013999999999999999
0.0148
0.015600000000000001
0.0164
0.0152
0.013999999999999999
0.0144
0.012800000000000002
0.011600000000000001
0.0148
0.0164
0.015600000000000001
0.016
0.0152
0.013200000000000003
0.013200000000000003
0.013200000000000003
0.0148
0.0152
0.015600000000000001
0.016
0.013999999999999999
0.013200000000000003
0.012000000000000002
0.012800000000000002
0.0136
0.015600000000000001
0.016
0.0152
0.0148
0.0144
0.012000000000000002
0.013200000000000003
0.0152
0.0152
0.015600000000000001
0.015600000000000001
0.0148
0.013200000000000003
0.012400000000000003
0.012000000000000002
0.0144
0.0152
0.016
0.0152
0.0144
0.013200000000000003
0.012400000000000003
0.012400000000000003
0.0144
0.0152
0.016
0.0148
0.013999999999999999
0.013999999999999999
0.012000000000000002
0.012800000000000002
0.0148
0.016800000000000002
0.016
0.0148
0.013999999999999999
0.012800000000000002
0.012400000000000003
0.012000000000000002
0.013999999999999999
0.016800000000000002
0.0152
0.0152
0.013999999999999999
0.013200000000000003
0.0108
0.012000000000000002
0.0144
0.0164
0.0152
0.0144
0.0136
0.0136
0.011600000000000001
0.013200000000000003
0.013999999999999999
0.0152
0.0148
0.0148
0.0144
0.0136
0.012400000000000003
0.011600000000000001
0.0144
0.0144
0.0152
0.0148
0.013999999999999999
0.012800000000000002
0.012000000000000002
0.012000000000000002
0.013200000000000003
0.0148
0.015600000000000001
0.013999999999999999
0.012800000000000002
0.012800000000000002
0.011600000000000001
0.011200000000000002
0.0148
0.015600000000000001
0.0152
0.0148
0.0144
0.013200000000000003
0.011600000000000001
0.012000000000000002
0.0144
0.015600000000000001
0.0152
0.013999999999999999
0.013200000000000003
0.013999999999999999
0.012800000000000002
0.012000000000000002
0.0144
0.0152
0.015600000000000001
0.013999999999999999
0.013999999999999999
0.012800000000000002
0.011600000000000001
0.011200000000000002
0.0144
0.015600000000000001
0.015600000000000001
0.0148
0.013200000000000003
0.012400000000000003
0.011600000000000001
0.011600000000000001
0.013999999999999999
0.013999999999999999
0.015600000000000001
0.0136
0.013999999999999999
0.012800000000000002
0.013999999999999999
0.011600000000000001
0.0136
0.0148
0.0152
0.013999999999999999
0.0136
0.012400000000000003
0.012000000000000002
0.011200000000000002
0.0136
0.016
0.0144
0.013999999999999999
0.0136
0.013200000000000003
0.011600000000000001
0.012000000000000002
0.010400000000000001
0.0092
0.007200000000000002
0.008000000000000004
0.007200000000000002
0.005600000000000001
0.005200000000000001
0.0028000000000000004
0.0028000000000000004
0.0024
0.0024
0.0019999999999999996
0.00040000000000000034
-0.0007999999999999985
-0.0019999999999999996
-0.0024
-0.0024
-0.0032000000000000006
-0.003999999999999999
-0.005200000000000001
-0.0056
-0.004399999999999999
-0.0056
-0.0056
-0.0072
-0.0092
-0.008
-0.0072
-0.008
-0.0092
-0.0092
-0.01
-0.0092
-0.0088
-0.01
-0.010400000000000001
-0.011200000000000002
-0.0124
-0.0108
-0.0108
-0.011200000000000002
-0.012
-0.0136
-0.0124
-0.0124
-0.012
-0.0124
-0.013999999999999999
-0.0144
-0.0136
-0.0124
-0.012
-0.013999999999999999
-0.0144
-0.0152
-0.0152
-0.013999999999999999
-0.013999999999999999
-0.0148
-0.015600000000000001
-0.016
-0.013999999999999999
-0.0144
-0.015600000000000001
-0.015600000000000001
-0.016
-0.013999999999999999
-0.0152
-0.013999999999999999
-0.015600000000000001
-0.0152
-0.016399999999999998
-0.015600000000000001
-0.0148
-0.0152
-0.0152
-0.016
-0.016
-0.016399999999999998
-0.0148
-0.015600000000000001
-0.016
-0.0176
-0.015600000000000001
-0.015600000000000001
-0.0144
-0.016399999999999998
-0.0168
-0.0168
-0.0152
-0.016
-0.0152
-0.016
-0.016399999999999998
-0.0172
-0.015600000000000001
-0.015600000000000001
-0.015600000000000001
-0.0172
-0.0172
-0.0172
-0.016399999999999998
-0.015600000000000001
-0.016
-0.018000000000000002
-0.0176
-0.0172
-0.016
-0.015600000000000001
-0.016399999999999998
-0.0168
-0.0168
-0.0172
-0.016399999999999998
-0.016399999999999998
-0.0152
-0.018000000000000002
-0.018000000000000002
-0.015600000000000001
-0.016399999999999998
-0.0168
-0.0172
-0.0168
-0.016399999999999998
-0.016
-0.0152
-0.016399999999999998
-0.016399999999999998
-0.0172
-0.016399999999999998
-0.016399999999999998
-0.015600000000000001
-0.0172
-0.0168
-0.016399999999999998
-0.0168
-0.015600000000000001
-0.0152
-0.0168
-0.0168
-0.0172
-0.015600000000000001
-0.0152
-0.016
-0.0168
-0.0176
-0.016
-0.016399999999999998
-0.0144
-0.015600000000000001
-0.0168
-0.0176
-0.0168
-0.016399999999999998
-0.016
-0.016399999999999998
-0.0172
-0.0176
-0.016
-0.0152
-0.016
-0.0168
-0.0172
-0.016399999999999998
-0.015600000000000001
-0.0152
-0.016
-0.0168
-0.0172
-0.016
-0.0152
-0.015600000000000001
-0.0172
-0.0168
-0.016399999999999998
-0.016399999999999998
-0.015600000000000001
-0.0168
-0.0168
-0.0172
-0.016399999999999998
-0.016399999999999998
-0.015600000000000001
-0.016
-0.0148
-0.018000000000000002
-0.016399999999999998
-0.016
-0.015600000000000001
-0.0176
-0.0172
-0.0176
-0.015600000000000001
-0.015600000000000001
-0.013999999999999999
-0.0168
-0.016
-0.0172
-0.016
-0.0152
-0.016
-0.015600000000000001
-0.0172
-0.0168
-0.016399999999999998
-0.015600000000000001
-0.016
-0.016399999999999998
-0.0172
-0.016
-0.0152
-0.0152
-0.016
-0.016
-0.0168
-0.016
-0.0152
-0.0148
-0.016399999999999998
-0.016399999999999998
-0.0176
-0.0152
-0.0144
-0.015600000000000001
-0.0172
-0.0172
-0.016
-0.0148
-0.0152
-0.0128
-0.016399999999999998
-0.016399999999999998
-0.0152
-0.016
-0.0144
-0.016
-0.016399999999999998
-0.016399999999999998
-0.0148
-0.0148
-0.0152
-0.016
-0.016399999999999998
-0.016399999999999998
-0.0152
-0.0152
-0.0152
-0.016
-0.0168
-0.016
-0.0152
-0.0152
-0.0152
-0.016
-0.016
-0.016399999999999998
-0.0144
-0.0136
-0.0152
-0.0176
-0.016
-0.0152
-0.0136
-0.015600000000000001
-0.016399999999999998
-0.0176
-0.0152
-0.015600000000000001
-0.0152
-0.015600000000000001
-0.016399999999999998
-0.0172
-0.016399999999999998
-0.0144
-0.0148
-0.015600000000000001
-0.016399999999999998
-0.0172
-0.015600000000000001
-0.0148
-0.015600000000000001
-0.016
-0.016
-0.015600000000000001
-0.015600000000000001
-0.013999999999999999
-0.016
-0.016
-0.016399999999999998
-0.016
-0.0148
-0.013999999999999999
-0.015600000000000001
-0.0152
-0.016
-0.0152
-0.0148
-0.0152
-0.015600000000000001
-0.0152
-0.015600000000000001
-0.0148
-0.016
-0.015600000000000001
-0.016
-0.016
-0.015600000000000001
-0.0152
-0.013999999999999999
-0.015600000000000001
-0.0152
-0.0172
-0.0144
-0.0144
-0.0152
-0.015600000000000001
-0.015600000000000001
-0.015600000000000001
-0.0136
-0.0124
-0.0152
-0.016
-0.0168
-0.0152
-0.0148
-0.0144
-0.0152
-0.0148
-0.016
-0.0152
-0.0148
-0.013999999999999999
-0.0148
-0.0152
-0.0152
-0.0144
-0.0136
-0.013999999999999999
-0.0152
-0.016
-0.0152
-0.0144
-0.0144
-0.0148
-0.016
-0.016399999999999998
-0.016
-0.013999999999999999
-0.0148
-0.013999999999999999
-0.0148
-0.016399999999999998
-0.0148
-0.013999999999999999
-0.013999999999999999
-0.0152
-0.0152
-0.016
-0.0152
-0.0136
-0.0148
-0.0152
-0.015600000000000001
-0.016399999999999998
-0.013999999999999999
-0.0152
-0.0152
-0.015600000000000001
-0.0152
-0.0136
-0.0136
-0.0136
-0.0148
-0.0152
-0.0176
-0.0152
-0.013999999999999999
-0.0152
-0.015600000000000001
-0.018000000000000002
-0.0144
-0.0148
-0.0144
-0.013999999999999999
-0.0148
-0.0152
-0.0152
-0.0144
-0.0148
-0.0144
-0.0152
-0.0152
-0.0144
-0.013999999999999999
-0.015600000000000001
-0.0144
-0.0152
-0.016
-0.0136
-0.013200000000000002
-0.0144
-0.0148
-0.0152
-0.016
-0.0148
-0.013200000000000002
-0.013999999999999999
-0.015600000000000001
-0.016
-0.0144
-0.013200000000000002
-0.013999999999999999
-0.0144
-0.0144
-0.016
-0.0144
-0.0144
-0.0144
-0.015600000000000001
-0.015600000000000001
-0.0152
-0.0144
-0.0144
-0.013200000000000002
-0.0148
-0.016
-0.0148
-0.0128
-0.013200000000000002
-0.0152
-0.0148
-0.016
-0.0152
-0.013200000000000002
-0.0136
-0.0152
-0.015600000000000001
-0.0152
-0.0148
-0.013200000000000002
-0.013999999999999999
-0.0148
-0.0152
-0.0144
-0.0144
-0.0136
-0.0136
-0.0144
-0.0136
-0.013999999999999999
-0.0136
-0.013999999999999999
-0.0144
-0.0168
-0.013999999999999999
-0.013999999999999999
-0.013200000000000002
-0.0136
-0.016
-0.016
-0.0148
-0.013999999999999999
-0.013999999999999999
-0.0136
-0.013999999999999999
-0.0144
-0.0148
-0.013200000000000002
-0.013999999999999999
-0.013999999999999999
-0.0144
-0.015600000000000001
-0.013999999999999999
-0.013999999999999999
-0.0136
-0.0136
-0.0144
-0.016399999999999998
-0.013999999999999999
-0.013200000000000002
-0.0136
-0.0144
-0.0148
-0.0148
-0.0128
-0.0136
-0.0136
-0.013999999999999999
-0.016399999999999998
-0.013999999999999999
-0.0136
-0.0128
-0.0144
-0.015600000000000001
-0.0152
-0.0152
-0.0108
-0.0072
-0.0064
-0.006
-0.0064
-0.0068
-0.008
-0.0076
-0.0024
-0.0007999999999999985
-0.0007999999999999985
-0.00040000000000000034
0.0
-0.0011999999999999988
-0.0019999999999999996
-0.0011999999999999988
0.0024
0.0048
0.005200000000000001
0.003600000000000001
0.004399999999999999
0.003600000000000001
0.004399999999999999
0.003600000000000001
0.005600000000000001
0.007600000000000003
0.0092
0.007200000000000002
0.008000000000000004
0.006800000000000001
0.0048
0.005200000000000001
0.0092
0.01
0.0108
0.010400000000000001
0.0092
0.0108
0.007600000000000003
0.0084
0.011200000000000002
0.012000000000000002
0.011200000000000002
0.011600000000000001
0.011200000000000002
0.010400000000000001
0.0092
0.0096
0.012800000000000002
0.0144
0.013999999999999999
0.012800000000000002
0.012400000000000003
0.011600000000000001
0.010400000000000001
0.0108
0.0136
0.013999999999999999
0.0148
0.0136
0.013200000000000003
0.012800000000000002
0.012800000000000002
0.011600000000000001
0.0136
0.015600000000000001
0.015600000000000001
0.013200000000000003
0.013999999999999999
0.013200000000000003
0.012400000000000003
0.012400000000000003
0.017200000000000003
0.016
0.0164
0.015600000000000001
0.015600000000000001
0.012800000000000002
0.013999999999999999
0.012800000000000002
0.0144
0.015600000000000001
0.017200000000000003
0.015600000000000001
0.0152
0.0144
0.012800000000000002
0.0136
0.015600000000000001
0.016800000000000002
0.016800000000000002
0.016
0.0148
0.013999999999999999
0.013200000000000003
0.013200000000000003
0.015600000000000001
0.016
0.016800000000000002
0.016
0.0152
0.0152
0.0144
0.0144
0.016
0.016800000000000002
0.0164
0.016
0.0152
0.0144
0.0136
0.013999999999999999
0.0164
0.016800000000000002
0.0176
0.016
0.015600000000000001
0.0148
0.0136
0.0144
0.0148
0.015600000000000001
0.016800000000000002
0.016800000000000002
0.0148
0.0144
0.013200000000000003
0.0144
0.0164
0.017200000000000003
0.017200000000000003
0.017200000000000003
0.015600000000000001
0.0152
0.0144
0.0144
0.017200000000000003
0.017200000000000003
0.0176
0.016800000000000002
0.0164
0.0148
0.0144
0.013999999999999999
0.016800000000000002
0.017200000000000003
0.0164
0.016
0.015600000000000001
0.015600000000000001
0.0144
0.013999999999999999
0.0164
0.017200000000000003
0.0176
0.016800000000000002
0.016
0.0144
0.013200000000000003
0.0144
0.0164
0.016800000000000002
0.017200000000000003
0.016800000000000002
0.016
0.0148
0.0144
0.013999999999999999
0.016
0.0176
0.018400000000000003
0.017200000000000003
0.016
0.0144
0.0136
0.0136
0.016
0.017200000000000003
0.018400000000000003
0.0164
0.015600000000000001
0.0148
0.013999999999999999
0.013200000000000003
0.017200000000000003
0.016800000000000002
0.017200000000000003
0.016800000000000002
0.016
0.0152
0.0136
0.0136
0.015600000000000001
0.017200000000000003
0.017200000000000003
0.017200000000000003
0.016
0.0152
0.0136
0.0136
0.016
0.016800000000000002
0.016800000000000002
0.015600000000000001
0.016
0.0144
0.0136
0.0136
0.015600000000000001
0.016800000000000002
0.0176
0.016
0.0148
0.0148
0.0136
0.012400000000000003
0.016
0.017200000000000003
0.017200000000000003
0.015600000000000001
0.0152
0.0152
0.013200000000000003
0.013200000000000003
0.0164
0.0164
0.0152
0.0148
0.016
0.013999999999999999
0.012800000000000002
0.013200000000000003
0.015600000000000001
0.017200000000000003
0.0164
0.016
0.0148
0.0144
0.012400000000000003
0.012800000000000002
0.016
0.017200000000000003
0.016800000000000002
0.016
0.0148
0.0148
0.0136
0.012400000000000003
0.0148
0.0164
0.016800000000000002
0.0148
0.016
0.0136
0.0136
0.013200000000000003
0.016
0.0164
0.0164
0.0164
0.0148
0.0144
0.013200000000000003
0.0136
0.015600000000000001
0.016
0.0164
0.016
0.0148
0.0144
0.012800000000000002
0.012800000000000002
0.0148
0.015600000000000001
0.0164
0.016
0.015600000000000001
0.013999999999999999
0.012400000000000003
0.013999999999999999
0.0152
0.016
0.015600000000000001
0.016
0.0148
0.0136
0.0136
0.013200000000000003
0.015600000000000001
0.016
0.016
0.015600000000000001
0.0148
0.0152
0.0136
0.012800000000000002
0.015600000000000001
0.016800000000000002
0.017200000000000003
0.015600000000000001
0.0148
0.0148
0.011600000000000001
0.013999999999999999
0.0144
0.016
0.0164
0.015600000000000001
0.0148
0.0148
0.012400000000000003
0.012400000000000003
0.0148
0.015600000000000001
0.015600000000000001
0.015600000000000001
0.0144
0.016800000000000002
0.013999999999999999
0.0136
0.0148
0.016
0.015600000000000001
0.016800000000000002
0.0144
0.012800000000000002
0.013200000000000003
0.012000000000000002
0.0144
0.0164
0.015600000000000001
0.0148
0.0148
0.013999999999999999
0.012400000000000003
0.0136
0.0152
0.0144
0.0164
0.0152
0.0148
0.0136
0.013200000000000003
0.012400000000000003
0.0148
0.0152
0.0164
0.0152
0.0144
0.0136
0.012400000000000003
0.012000000000000002
0.013999999999999999
0.015600000000000001
0.016
0.015600000000000001
0.013999999999999999
0.013200000000000003
0.012800000000000002
0.012400000000000003
0.0148
0.016
0.016
0.0148
0.012800000000000002
0.013200000000000003
0.0136
0.012400000000000003
0.0144
0.0152
0.0164
0.0152
0.0144
0.013999999999999999
0.012800000000000002
0.012800000000000002
0.0148
0.016
0.0164
0.013999999999999999
0.0148
0.012800000000000002
0.012400000000000003
0.012400000000000003
0.0148
0.015600000000000001
0.015600000000000001
0.0152
0.0148
0.0136
0.012000000000000002
0.012000000000000002
0.0144
0.0152
0.0152
0.0148
0.013999999999999999
0.0136
0.012400000000000003
0.0108
0.0144
0.0152
0.0148
0.0148
0.0148
0.013200000000000003
0.012000000000000002
0.012400000000000003
0.0144
0.015600000000000001
0.016
0.0148
0.0144
0.0136
0.012400000000000003
0.011600000000000001
0.013999999999999999
0.0152
0.015600000000000001
0.0152
0.0144
0.013999999999999999
0.011600000000000001
0.011200000000000002
0.0148
0.0144
0.015600000000000001
0.0148
0.0144
0.013200000000000003
0.012000000000000002
0.012400000000000003
0.0136
0.0148
0.013200000000000003
0.015600000000000001
0.0136
0.012800000000000002
0.012800000000000002
0.013200000000000003
0.013999999999999999
0.015600000000000001
0.015600000000000001
0.0144
0.013200000000000003
0.013200000000000003
0.012000000000000002
0.011600000000000001
0.0148
0.013200000000000003
0.0148
0.0144
0.013999999999999999
0.012800000000000002
0.011600000000000001
0.011600000000000001
0.0136
0.0152
0.0144
0.0144
0.0136
0.012800000000000002
0.012000000000000002
0.011600000000000001
0.012800000000000002
0.0144
0.0152
0.013999999999999999
0.0136
0.013200000000000003
0.012000000000000002
0.011600000000000001
0.0144
0.0148
0.0144
0.0148
0.0136
0.013200000000000003
0.011600000000000001
0.0108
0.0136
0.0144
0.0152
0.013999999999999999
0.0136
0.011600000000000001
0.011600000000000001
0.011600000000000001
0.0144
0.013999999999999999
0.0144
0.0144
0.012800000000000002
0.012800000000000002
0.011200000000000002
0.011600000000000001
0.013999999999999999
0.015600000000000001
0.0144
0.0148
0.0136
0.0136
0.012400000000000003
0.012400000000000003
0.010400000000000001
0.008799999999999999
0.007600000000000003
0.007200000000000002
0.006400000000000001
0.005600000000000001
0.0048
0.003600000000000001
0.0019999999999999996
0.0016000000000000014
0.004399999999999999
0.0008000000000000007
-0.0011999999999999988
-0.0011999999999999988
-0.0015999999999999992
-0.0011999999999999988
-0.0032000000000000006
-0.003999999999999999
-0.003599999999999999
-0.005200000000000001
-0.005200000000000001
-0.006
-0.005200000000000001
-0.0068
-0.0064
-0.0076
-0.0076
-0.0076
-0.008
-0.0084
-0.0096
-0.0108
-0.01
-0.0096
-0.01
-0.0088
-0.0116
-0.0116
-0.011200000000000002
-0.0108
-0.011200000000000002
-0.0128
-0.0128
-0.013200000000000002
-0.012
-0.010400000000000001
-0.0128
-0.0136
-0.0136
-0.0136
-0.0128
-0.013200000000000002
-0.0136
-0.0152
-0.0144
-0.0144
-0.0136
-0.0136
-0.0144
-0.0152
-0.016
-0.0144
-0.0144
-0.0148
-0.0152
-0.0152
-0.016
-0.0152
-0.0144
-0.0152
-0.0184
-0.0168
-0.0152
-0.0148
-0.016
-0.015600000000000001
-0.016399999999999998
-0.016399999999999998
-0.015600000000000001
-0.0144
-0.016
-0.016399999999999998
-0.0176
-0.0168
-0.0152
-0.016
-0.0168
-0.016
-0.0176
-0.0176
-0.015600000000000001
-0.015600000000000001
-0.0152
-0.0172
-0.0176
-0.018000000000000002
-0.015600000000000001
-0.015600000000000001
-0.0148
-0.016399999999999998
-0.0168
-0.016
-0.016
-0.0168
-0.016
-0.0172
-0.0176
-0.016
-0.015600000000000001
-0.016
-0.0168
-0.0184
-0.016
-0.016399999999999998
-0.015600000000000001
-0.016399999999999998
-0.0172
-0.0168
-0.016399999999999998
-0.018000000000000002
-0.0168
-0.0176
-0.0172
-0.018000000000000002
-0.015600000000000001
-0.0152
-0.016399999999999998
-0.0168
-0.0188
-0.0144
-0.015600000000000001
-0.0152
-0.0168
-0.0176
-0.0168
-0.015600000000000001
-0.0148
-0.016399999999999998
-0.016
-0.0176
-0.0168
-0.0168
-0.0152
-0.016
-0.016399999999999998
-0.0176
-0.0168
-0.016399999999999998
-0.016
-0.0168
-0.0168
-0.0176
-0.0168
-0.016
-0.016
-0.0168
-0.0168
-0.0172
-0.016
-0.016
-0.016399999999999998
-0.016
-0.0176
-0.0168
-0.016399999999999998
-0.015600000000000001
-0.015600000000000001
-0.0168
-0.0172
-0.0168
-0.015600000000000001
-0.0152
-0.016399999999999998
-0.016399999999999998
-0.0172
-0.016
-0.015600000000000001
-0.0168
-0.0168
-0.0172
-0.0168
-0.015600000000000001
-0.0152
-0.016399999999999998
-0.0176
-0.0176
-0.016399999999999998
-0.015600000000000001
-0.016
-0.016399999999999998
-0.0176
-0.0172
-0.016
-0.0152
-0.0168
-0.0168
-0.0176
-0.016
-0.0152
-0.015600000000000001
-0.0152
-0.016399999999999998
-0.016399999999999998
-0.016399999999999998
-0.016
-0.0144
-0.0152
-0.0168
-0.0172
-0.015600000000000001
-0.0152
-0.0152
-0.016
-0.0172
-0.016399999999999998
-0.016399999999999998
-0.0148
-0.015600000000000001
-0.016399999999999998
-0.0168
-0.016399999999999998
-0.016
-0.0152
-0.015600000000000001
-0.0152
-0.0176
-0.0152
-0.0144
-0.0144
-0.015600000000000001
-0.0168
-0.016399999999999998
-0.016
-0.0148
-0.013999999999999999
-0.016
-0.016
-0.0168
-0.0148
-0.0144
-0.0148
-0.016
-0.0172
-0.016
-0.013999999999999999
-0.015600000000000001
-0.015600000000000001
-0.016
-0.016399999999999998
-0.0168
-0.0152
-0.0152
-0.016
-0.016
-0.0172
-0.0152
-0.013999999999999999
-0.0152
-0.0152
-0.018000000000000002
-0.016
-0.015600000000000001
-0.0144
-0.015600000000000001
-0.0168
-0.0172
-0.016
-0.0148
-0.0148
-0.0168
-0.0152
-0.0168
-0.015600000000000001
-0.0148
-0.0144
-0.016
-0.016399999999999998
-0.0172
-0.0148
-0.013999999999999999
-0.0148
-0.016
-0.0168
-0.0152
-0.0144
-0.0152
-0.0152
-0.016
-0.016399999999999998
-0.0144
-0.013999999999999999
-0.013999999999999999
-0.0152
-0.016399999999999998
-0.015600000000000001
-0.0144
-0.0144
-0.0152
-0.015600000000000001
-0.0168
-0.015600000000000001
-0.0152
-0.0152
-0.016
-0.0152
-0.016
-0.015600000000000001
-0.0152
-0.0148
-0.0152
-0.016
-0.0168
-0.0144
-0.0144
-0.0144
-0.0148
-0.016399999999999998
-0.015600000000000001
-0.013999999999999999
-0.015600000000000001
-0.0152
-0.016
-0.016399999999999998
-0.015600000000000001
-0.0136
-0.0144
-0.0148
-0.0168
-0.016399999999999998
-0.0152
-0.0148
-0.0148
-0.015600000000000001
-0.015600000000000001
-0.016
-0.0148
-0.0144
-0.0148
-0.0152
-0.0152
-0.0152
-0.0152
-0.0136
-0.0152
-0.0152
-0.016
-0.015600000000000001
-0.0148
-0.0136
-0.0152
-0.015600000000000001
-0.0172
-0.0152
-0.013999999999999999
-0.013999999999999999
-0.0152
-0.0152
-0.016
-0.0152
-0.0144
-0.0144
-0.0152
-0.0152
-0.015600000000000001
-0.0144
-0.013200000000000002
-0.0152
-0.015600000000000001
-0.016399999999999998
-0.0152
-0.013999999999999999
-0.0144
-0.0144
-0.016
-0.016
-0.0144
-0.0136
-0.0148
-0.0148
-0.015600000000000001
-0.015600000000000001
-0.0152
-0.013999999999999999
-0.0144
-0.016
-0.016
-0.0144
-0.013999999999999999
-0.0136
-0.013999999999999999
-0.015600000000000001
-0.016399999999999998
-0.0152
-0.0144
-0.0152
-0.0148
-0.015600000000000001
-0.015600000000000001
-0.0144
-0.0136
-0.0144
-0.0148
-0.016
-0.015600000000000001
-0.013999999999999999
-0.0136
-0.0144
-0.0144
-0.015600000000000001
-0.013999999999999999
-0.013999999999999999
-0.0144
-0.0144
-0.0152
-0.0152
-0.0148
-0.0136
-0.0144
-0.0152
-0.0144
-0.0148
-0.0148
-0.013200000000000002
-0.0148
-0.0148
-0.015600000000000001
-0.013999999999999999
-0.0144
-0.013999999999999999
-0.0148
-0.015600000000000001
-0.015600000000000001
-0.0144
-0.013999999999999999
-0.0136
-0.0144
-0.0144
-0.016
-0.0136
-0.0144
-0.013999999999999999
-0.0148
-0.015600000000000001
-0.0144
-0.0128
-0.0136
-0.013999999999999999
-0.0144
-0.0152
-0.013999999999999999
-0.013999999999999999
-0.013200000000000002
-0.0144
-0.0144
-0.0152
-0.0148
-0.0136
-0.013200000000000002
-0.0144
-0.0144
-0.013999999999999999
-0.013200000000000002
-0.013200000000000002
-0.013200000000000002
-0.0144
-0.0152
-0.013999999999999999
-0.0136
-0.0136
-0.0136
-0.0152
-0.0152
-0.0136
-0.013200000000000002
-0.0128
-0.013999999999999999
-0.0152
-0.0148
-0.0144
-0.013999999999999999
-0.013999999999999999
-0.013999999999999999
-0.0148
-0.0152
-0.0136
-0.013200000000000002
-0.0144
-0.0144
-0.0144
-0.013999999999999999
-0.0136
-0.0136
-0.013999999999999999
-0.0152
-0.015600000000000001
-0.0148
-0.0096
-0.0072
-0.0072
-0.0068
-0.0068
-0.0076
-0.0076
-0.0064
-0.0032000000000000006
-0.00040000000000000034
0.00040000000000000034
-0.00040000000000000034
-0.00040000000000000034
-0.00040000000000000034
-0.00040000000000000034
-0.0019999999999999996
0.0012000000000000012
0.004000000000000002
0.005200000000000001
0.004000000000000002
0.0048
0.0024
0.0024
0.0028000000000000004
0.006400000000000001
0.007600000000000003
0.0084
0.006800000000000001
0.006800000000000001
0.005600000000000001
0.006400000000000001
0.006000000000000001
0.008799999999999999
0.010400000000000001
0.011200000000000002
0.011200000000000002
0.0092
0.008799999999999999
0.007200000000000002
0.0092
0.0108
0.011600000000000001
0.012800000000000002
0.012400000000000003
0.011200000000000002
0.011200000000000002
0.01
0.0096
0.011600000000000001
0.013999999999999999
0.013999999999999999
0.012400000000000003
0.012800000000000002
0.011200000000000002
0.011200000000000002
0.0108
0.0136
0.0148
0.0148
0.013999999999999999
0.013200000000000003
0.0136
0.011200000000000002
0.012800000000000002
0.0136
0.0148
0.015600000000000001
0.0148
0.0144
0.0136
0.012000000000000002
0.012000000000000002
0.0148
0.015600000000000001
0.016
0.0152
0.0148
0.0148
0.012400000000000003
0.012800000000000002
0.0152
0.016800000000000002
0.0164
0.0164
0.0152
0.013999999999999999
0.013200000000000003
0.0144
0.016
0.0164
0.017200000000000003
0.016
0.0152
0.015600000000000001
0.013200000000000003
0.013200000000000003
0.015600000000000001
0.017200000000000003
0.017200000000000003
0.016800000000000002
0.016
0.0148
0.013200000000000003
0.013999999999999999
0.016
0.016800000000000002
0.017200000000000003
0.016800000000000002
0.0164
0.0148
0.013999999999999999
0.013999999999999999
0.016
0.017200000000000003
0.016800000000000002
0.0164
0.0152
0.0144
0.0144
0.0144
0.0152
0.0164
0.017200000000000003
0.016
0.016
0.0144
0.0144
0.0148
0.0152
0.016800000000000002
0.017200000000000003
0.015600000000000001
0.015600000000000001
0.017200000000000003
0.013999999999999999
0.013200000000000003
0.0164
0.0176
0.016800000000000002
0.016
0.0152
0.015600000000000001
0.0144
0.0144
0.016
0.017200000000000003
0.017200000000000003
0.0164
0.016
0.0148
0.0148
0.0148
0.016800000000000002
0.017200000000000003
0.017200000000000003
0.016800000000000002
0.016
0.0148
0.0148
0.013999999999999999
0.0164
0.017200000000000003
0.017200000000000003
0.016
0.015600000000000001
0.0148
0.0136
0.013999999999999999
0.016
0.017200000000000003
0.017200000000000003
0.0164
0.015600000000000001
0.0148
0.013999999999999999
0.0136
0.016
0.016800000000000002
0.0176
0.016800000000000002
0.016800000000000002
0.0144
0.0136
0.0144
0.015600000000000001
0.0164
0.017200000000000003
0.015600000000000001
0.016
0.013999999999999999
0.0136
0.0144
0.0152
0.017200000000000003
0.016800000000000002
0.0148
0.0152
0.0144
0.013999999999999999
0.013200000000000003
0.016
0.017200000000000003
0.017200000000000003
0.0164
0.0152
0.0148
0.0136
0.013200000000000003
0.015600000000000001
0.017200000000000003
0.016800000000000002
0.0164
0.015600000000000001
0.0148
0.0136
0.0136
0.016
0.017200000000000003
0.017200000000000003
0.016
0.016
0.0148
0.012800000000000002
0.0144
0.0148
0.0176
0.017200000000000003
0.0152
0.0152
0.0148
0.013200000000000003
0.0144
0.016
0.016800000000000002
0.016
0.017200000000000003
0.016
0.0144
0.013200000000000003
0.0136
0.015600000000000001
0.016
0.017200000000000003
0.0148
0.0152
0.013999999999999999
0.013200000000000003
0.0136
0.015600000000000001
0.016
0.0164
0.016800000000000002
0.0152
0.0144
0.013999999999999999
0.0144
0.015600000000000001
0.017200000000000003
0.016800000000000002
0.0152
0.016800000000000002
0.013999999999999999
0.013200000000000003
0.013200000000000003
0.015600000000000001
0.018000000000000002
0.016
0.015600000000000001
0.0144
0.0148
0.013999999999999999
0.0136
0.016
0.017200000000000003
0.017200000000000003
0.016
0.0144
0.0144
0.012800000000000002
0.011600000000000001
0.0152
0.016
0.0164
0.0152
0.016800000000000002
0.0136
0.013200000000000003
0.013200000000000003
0.0152
0.017200000000000003
0.0152
0.015600000000000001
0.0148
0.013999999999999999
0.013200000000000003
0.013200000000000003
0.0144
0.016
0.016800000000000002
0.0144
0.0144
0.0144
0.011200000000000002
0.012400000000000003
0.0152
0.0176
0.0164
0.016
0.013999999999999999
0.013999999999999999
0.012800000000000002
0.013200000000000003
0.0152
0.0148
0.0176
0.016
0.0152
0.0136
0.011600000000000001
0.013200000000000003
0.015600000000000001
0.015600000000000001
0.016
0.0148
0.0148
0.0136
0.013200000000000003
0.012800000000000002
0.0144
0.015600000000000001
0.016
0.0152
0.0148
0.0144
0.012000000000000002
0.013200000000000003
0.0144
0.015600000000000001
0.016
0.015600000000000001
0.0148
0.013200000000000003
0.012400000000000003
0.013200000000000003
0.0152
0.016
0.015600000000000001
0.015600000000000001
0.013999999999999999
0.013200000000000003
0.013200000000000003
0.012400000000000003
0.0152
0.016
0.016
0.0148
0.0148
0.0144
0.011600000000000001
0.012400000000000003
0.0148
0.016
0.016800000000000002
0.0152
0.0144
0.0136
0.012400000000000003
0.012800000000000002
0.0148
0.015600000000000001
0.015600000000000001
0.0152
0.0152
0.0136
0.012000000000000002
0.012400000000000003
0.0144
0.016
0.015600000000000001
0.013999999999999999
0.0144
0.0136
0.013200000000000003
0.013200000000000003
0.0152
0.015600000000000001
0.016
0.016
0.0144
0.012800000000000002
0.012000000000000002
0.012800000000000002
0.0136
0.015600000000000001
0.0164
0.015600000000000001
0.013200000000000003
0.013200000000000003
0.011200000000000002
0.012000000000000002
0.013999999999999999
0.015600000000000001
0.0152
0.0144
0.0152
0.012800000000000002
0.012400000000000003
0.011600000000000001
0.0148
0.0144
0.015600000000000001
0.0148
0.0148
0.0144
0.0096
0.012000000000000002
0.013999999999999999
0.0152
0.015600000000000001
0.0144
0.0136
0.012800000000000002
0.011600000000000001
0.012400000000000003
0.013200000000000003
0.0152
0.0152
0.0152
0.0148
0.0148
0.012400000000000003
0.012400000000000003
0.013999999999999999
0.016
0.0164
0.0152
0.013999999999999999
0.013200000000000003
0.012400000000000003
0.0108
0.013999999999999999
0.015600000000000001
0.0148
0.0152
0.015600000000000001
0.0136
0.012400000000000003
0.011200000000000002
0.0144
0.013200000000000003
0.0148
0.0144
0.0144
0.012000000000000002
0.012400000000000003
0.012400000000000003
0.0148
0.0152
0.0148
0.0148
0.0148
0.012800000000000002
0.011600000000000001
0.012000000000000002
0.012800000000000002
0.0152
0.015600000000000001
0.015600000000000001
0.013200000000000003
0.013200000000000003
0.012400000000000003
0.011600000000000001
0.0136
0.0148
0.0148
0.0152
0.0144
0.012800000000000002
0.011600000000000001
0.012000000000000002
0.0136
0.0144
0.0148
0.0148
0.0136
0.012000000000000002
0.011200000000000002
0.011600000000000001
0.013999999999999999
0.0148
0.015600000000000001
0.0144
0.0136
0.012400000000000003
0.011600000000000001
0.012000000000000002
0.013999999999999999
0.0144
0.016
0.013200000000000003
0.012800000000000002
0.0136
0.012400000000000003
0.012000000000000002
0.008799999999999999
0.008000000000000004
0.008000000000000004
0.007200000000000002
0.007200000000000002
0.006400000000000001
0.0048
0.0028000000000000004
0.0019999999999999996
0.00040000000000000034
0.0016000000000000014
0.0012000000000000012
-0.0011999999999999988
-0.0007999999999999985
0.0
-0.0024
-0.0028000000000000004
-0.0024
-0.004399999999999999
-0.0072
-0.005200000000000001
-0.004399999999999999
-0.0056
-0.0068
-0.004399999999999999
-0.008
-0.0084
-0.0076
-0.0076
-0.008
-0.0092
-0.0096
-0.01
-0.0096
-0.01
-0.0108
-0.011200000000000002
-0.012
-0.0108
-0.012
-0.012
-0.0116
-0.0128
-0.0128
-0.0124
-0.0124
-0.0128
-0.0136
-0.013999999999999999
-0.0136
-0.0136
-0.0128
-0.013999999999999999
-0.0144
-0.0148
-0.0136
-0.0144
-0.0136
-0.0144
-0.0148
-0.015600000000000001
-0.0136
-0.0144
-0.0152
-0.015600000000000001
-0.016
-0.0144
-0.0144
-0.0136
-0.0152
-0.016
-0.016
-0.0152
-0.0144
-0.0152
-0.016
-0.0172
-0.016
-0.016
-0.015600000000000001
-0.016399999999999998
-0.016
-0.0172
-0.0172
-0.015600000000000001
-0.015600000000000001
-0.015600000000000001
-0.0168
-0.0176
-0.016399999999999998
-0.0148
-0.015600000000000001
-0.0168
-0.016399999999999998
-0.0168
-0.015600000000000001
-0.016399999999999998
-0.016
-0.0172
-0.015600000000000001
-0.016
-0.016
-0.016
-0.016399999999999998
-0.0172
-0.018000000000000002
-0.0168
-0.016
-0.0152
-0.0168
-0.016399999999999998
-0.016399999999999998
-0.016399999999999998
-0.015600000000000001
-0.0152
-0.016
-0.0172
-0.0168
-0.015600000000000001
-0.0176
-0.016399999999999998
-0.018000000000000002
-0.0176
-0.016399999999999998
-0.016399999999999998
-0.015600000000000001
-0.016
-0.0168
-0.0172
-0.0152
-0.0152
-0.015600000000000001
-0.0168
-0.0172
-0.0184
-0.016
-0.015600000000000001
-0.0176
-0.016
-0.016399999999999998
-0.018000000000000002
-0.015600000000000001
-0.015600000000000001
-0.016399999999999998
-0.0196
-0.0176
-0.0168
-0.0168
-0.016399999999999998
-0.0172
-0.016
-0.0184
-0.015600000000000001
-0.0148
-0.0168
-0.016399999999999998
-0.0176
-0.0176
-0.015600000000000001
-0.0168
-0.0168
-0.0168
-0.0176
-0.0176
-0.0152
-0.0152
-0.016399999999999998
-0.0168
-0.0172
-0.016399999999999998
-0.0152
-0.016
-0.016399999999999998
-0.016399999999999998
-0.0176
-0.015600000000000001
-0.0152
-0.0152
-0.016
-0.016399999999999998
-0.015600000000000001
-0.016
-0.0152
-0.015600000000000001
-0.0172
-0.0172
-0.016
-0.016
-0.016399999999999998
-0.015600000000000001
-0.016
-0.0168
-0.016399999999999998
-0.013999999999999999
-0.016
-0.015600000000000001
-0.0172
-0.015600000000000001
-0.0152
-0.0152
-0.015600000000000001
-0.015600000000000001
-0.0172
-0.0172
-0.0152
-0.0152
-0.016399999999999998
-0.016399999999999998
-0.016399999999999998
-0.016399999999999998
-0.0168
-0.0152
-0.015600000000000001
-0.016
-0.016399999999999998
-0.015600000000000001
-0.016
-0.015600000000000001
-0.016399999999999998
-0.0168
-0.0172
-0.015600000000000001
-0.016
-0.0152
-0.0168
-0.0176
-0.015600000000000001
-0.0152
-0.0148
-0.0152
-0.016
-0.0172
-0.015600000000000001
-0.0148
-0.015600000000000001
-0.016
-0.0168
-0.016399999999999998
-0.016
-0.0144
-0.0152
-0.0152
-0.016399999999999998
