24.48
24.48
24.48
24.48
24.48
24.48
24.48
24.48
24.48
24.48
24.48
24.48
24.48
24.48
24.48
24.48
24.48
24.48
24.48
24.48
24.48
24.48
24.48
24.48
24.48
24.48
24.48
24.48
24.48
24.48
24.48
24.48
24.48
24.48
24.48
24.48
24.48
24.48
24.48
24.48
24.48
24.48
24.48
24.48
24.48
24.48
24.48
24.48
24.48
24.48
24.48
24.48
24.48
24.48
24.48
24.48
24.48
24.48
24.48
24.48
24.48
24.48
24.48
24.48
24.48
24.48
24.48
24.48
24.48
24.48
24.48
24.48
24.48
24.48
24.48
24.48
24.48
24.48
24.48
24.48
24.48
24.48
24.48
24.48
24.48
24.48
24.48
24.48
24.48
24.48
24.48
24.48
24.48
24.48
24.48
24.48
24.48
24.48
24.48
24.48
24.48
24.48
24.48
24.48
24.48
24.48
24.48
24.48
24.48
24.48
24.48
24.48
24.48
24.48
24.48
24.48
24.48
24.48
24.48
24.48
24.48
24.48
24.48
24.48
24.48
24.48
24.48
24.48
24.48
24.48
24.48
24.48
24.48
24.48
24.48
24.48
24.48
24.48
24.48
24.48
24.48
24.48
24.48
24.48
24.48
24.48
24.48
24.48
24.48
24.48
24.48
24.48
24.48
24.48
24.48
24.48
24.48
24.48
24.48
24.48
24.48
24.48
24.48
24.48
24.48
24.48
24.48
24.48
24.48
24.48
24.48
24.48
39.04
38.96
39.2
39.12
39.68
39.6
39.68
39.44
39.2
39.2
39.28
39.12
39.2
39.44
39.44
39.28
39.76
39.68
39.68
39.519999999999996
39.68
39.68
39.36
39.2
39.2
39.12
38.96
39.2
38.8
38.48
38.72
38.8
39.04
38.879999999999995
38.879999999999995
38.48
38.56
38.4
38.48
38.32
38.64
37.92
38.48
38.16
38.24
38.32
38.4
38.0
37.92
38.0
37.839999999999996
37.76
38.0
37.6
37.839999999999996
37.519999999999996
37.92
37.92
37.92
37.68
37.6
37.519999999999996
37.519999999999996
37.28
37.44
37.04
37.44
37.36
37.519999999999996
37.76
37.519999999999996
37.199999999999996
37.36
37.199999999999996
37.28
37.36
37.04
37.28
37.199999999999996
37.28
37.28
37.36
36.8
37.28
37.04
36.879999999999995
37.12
36.8
37.04
36.879999999999995
37.12
37.199999999999996
37.04
36.8
36.96
36.96
36.72
37.04
36.64
36.8
36.879999999999995
37.04
37.199999999999996
36.879999999999995
36.8
36.72
36.8
36.64
36.72
36.56
36.64
36.8
36.96
36.96
36.56
36.56
36.64
36.64
36.8
36.48
36.64
36.64
36.8
37.04
36.64
36.56
36.56
36.72
36.32
36.64
36.24000000000001
36.56
36.8
36.8
36.879999999999995
36.64
36.48
36.48
36.48
36.72
36.4
36.72
36.56
36.879999999999995
36.8
36.72
36.48
36.64
36.64
36.4
36.72
36.24000000000001
36.64
36.72
36.64
36.72
36.56
36.48
36.56
36.4
36.8
36.4
36.64
36.48
36.879999999999995
36.64
36.879999999999995
36.4
36.56
36.64
36.48
36.72
36.48
36.56
36.72
36.8
36.96
36.56
36.56
36.56
36.48
36.8
36.4
36.64
36.4
36.879999999999995
36.8
36.96
36.32
36.64
36.56
36.56
36.72
36.48
36.56
36.64
36.64
36.96
36.72
36.56
36.48
36.64
36.64
36.56
36.56
36.56
36.72
36.879999999999995
36.96
36.4
36.56
36.64
36.56
36.72
36.4
36.72
36.64
36.72
37.04
36.64
36.64
36.64
36.72
36.4
36.72
36.4
36.56
36.8
36.8
36.879999999999995
36.56
36.56
36.64
36.48
36.72
36.4
36.64
36.48
36.96
36.879999999999995
36.72
36.4
36.64
36.64
36.64
36.8
36.4
36.72
36.8
36.8
36.96
36.64
36.72
36.64
36.56
36.8
36.48
36.64
36.4
36.96
36.8
36.879999999999995
36.4
36.64
36.8
36.48
36.8
36.48
36.64
36.56
36.64
36.8
36.64
36.64
36.56
36.72
36.4
36.64
36.4
36.56
36.8
36.96
36.8
36.48
36.56
36.64
36.48
36.8
36.4
36.72
36.56
36.72
36.8
36.8
36.48
36.64
36.8
36.4
36.72
36.4
36.64
36.64
36.72
36.879999999999995
36.56
36.56
36.8
36.4
36.72
36.32
36.72
36.48
36.96
36.8
36.8
36.48
36.56
36.56
36.48
36.72
36.4
36.48
36.64
36.72
36.879999999999995
36.56
36.64
36.56
36.56
36.56
36.48
36.64
36.48
36.96
36.72
36.8
36.4
36.64
36.56
36.56
36.72
36.32
36.56
36.72
36.72
36.879999999999995
36.56
36.48
36.56
36.64
36.48
36.64
36.4
36.56
36.879999999999995
36.96
36.879999999999995
36.48
36.56
36.64
36.4
36.8
36.48
36.8
36.4
36.64
36.96
36.72
36.64
36.56
36.72
36.32
36.64
36.32
36.56
36.72
36.64
36.8
36.56
36.48
36.56
36.4
36.8
36.48
36.72
36.48
36.96
36.8
36.8
36.4
36.64
36.72
36.4
36.8
36.4
36.64
36.72
36.879999999999995
37.04
36.56
36.72
36.56
36.56
36.72
36.48
36.56
36.48
36.96
36.8
36.8
36.4
36.64
36.64
36.56
36.8
36.56
36.56
36.64
36.72
36.96
36.64
36.64
36.64
36.72
36.64
36.72
36.64
36.64
36.8
36.879999999999995
36.96
36.4
36.56
36.64
36.56
36.72
36.56
36.72
36.56
36.8
36.96
36.72
36.64
36.64
36.8
36.48
36.8
36.4
36.56
36.72
36.72
36.96
36.56
36.48
36.64
36.56
36.8
36.48
36.8
36.4
36.879999999999995
36.72
36.8
36.48
36.72
36.56
36.48
36.72
36.4
36.56
36.72
36.879999999999995
37.04
36.64
36.56
36.72
36.4
36.56
36.56
36.56
36.4
36.8
36.8
36.8
36.4
36.64
36.64
36.56
36.72
36.48
36.56
36.72
36.72
36.96
36.72
36.64
36.48
36.72
36.4
36.64
36.48
36.64
36.8
36.879999999999995
36.8
36.48
36.64
36.64
36.56
36.8
36.48
36.64
36.64
36.8
36.96
36.64
36.56
36.48
36.48
36.32
36.56
36.4
36.64
36.96
36.96
37.12
36.8
36.879999999999995
36.8
36.96
36.8
37.12
36.72
37.04
37.28
37.199999999999996
37.44
37.199999999999996
37.199999999999996
37.28
37.28
37.28
37.519999999999996
37.04
37.44
37.28
37.68
37.6
37.68
37.519999999999996
37.519999999999996
37.44
37.68
37.519999999999996
37.839999999999996
37.6
37.76
37.519999999999996
38.0
38.0
38.0
37.76
37.839999999999996
37.839999999999996
37.839999999999996
37.839999999999996
38.32
37.68
37.92
38.0
38.16
38.08
38.32
38.48
38.0
38.0
38.16
38.24
38.08
38.32
38.08
38.32
38.16
38.32
38.4
38.72
38.64
38.08
38.4
38.48
38.48
38.32
38.56
38.24
38.48
38.48
38.64
38.48
38.8
38.8
38.56
38.56
38.4
38.72
38.56
38.8
38.56
38.24
38.64
38.8
38.879999999999995
38.879999999999995
38.879999999999995
38.72
38.72
38.96
38.96
38.72
38.56
38.879999999999995
38.56
38.96
38.879999999999995
39.04
38.96
39.04
39.12
38.8
38.8
38.879999999999995
38.8
38.8
38.879999999999995
39.04
38.8
38.96
38.879999999999995
39.04
39.12
39.28
39.2
38.879999999999995
38.96
38.96
38.96
38.879999999999995
39.2
38.96
38.8
39.04
38.8
39.2
39.28
39.44
39.519999999999996
39.04
38.879999999999995
39.04
38.96
38.96
39.2
39.12
38.879999999999995
39.2
38.96
39.2
39.2
39.44
39.44
39.12
39.12
39.2
39.04
38.96
39.04
39.36
39.04
39.44
39.12
39.36
39.28
39.36
39.44
39.2
39.28
39.2
39.2
39.28
38.879999999999995
39.36
38.879999999999995
39.12
39.28
39.44
39.44
39.36
39.44
39.04
39.04
39.2
39.36
39.36
39.2
39.44
39.04
38.8
39.12
39.2
39.6
39.519999999999996
39.68
39.44
39.04
39.12
39.2
39.36
39.2
39.519999999999996
39.2
39.04
39.36
39.28
39.44
39.28
39.44
39.68
39.36
39.36
39.44
39.36
39.2
39.04
39.36
38.96
39.28
39.36
39.44
39.519999999999996
39.6
39.6
39.2
38.96
39.2
39.28
39.519999999999996
39.28
39.68
39.2
38.96
39.36
38.96
39.44
39.519999999999996
39.6
39.519999999999996
39.28
39.36
39.519999999999996
39.28
39.12
38.96
39.44
39.12
39.44
39.44
39.519999999999996
39.519999999999996
39.6
39.519999999999996
39.2
39.04
39.2
39.44
39.519999999999996
39.36
39.68
39.36
39.12
39.28
38.96
39.6
39.6
39.68
39.68
39.28
39.519999999999996
39.36
39.28
39.12
39.12
39.44
39.12
39.519999999999996
39.519999999999996
39.519999999999996
39.68
39.519999999999996
39.6
39.12
39.12
39.2
39.519999999999996
39.6
39.28
39.68
39.2
39.04
39.28
39.12
39.519999999999996
39.68
39.68
39.6
39.36
39.44
39.36
39.28
39.2
39.04
39.44
39.2
39.44
39.36
39.6
39.68
39.6
39.6
39.2
39.04
39.28
39.519999999999996
39.44
39.44
39.68
39.12
39.12
39.44
38.96
39.519999999999996
39.44
39.68
39.68
39.44
39.519999999999996
39.44
39.44
39.2
39.04
39.44
39.12
39.36
39.519999999999996
39.519999999999996
39.68
39.6
39.519999999999996
39.36
39.12
39.2
39.36
39.519999999999996
39.28
39.68
39.36
39.2
39.519999999999996
39.2
39.519999999999996
39.36
39.519999999999996
39.6
39.519999999999996
39.519999999999996
39.6
39.44
39.44
39.2
39.6
38.96
39.2
39.44
39.44
39.68
39.68
39.76
39.44
39.2
39.2
39.2
39.44
39.28
39.6
39.519999999999996
39.36
39.6
39.36
39.519999999999996
39.44
39.44
39.68
39.36
39.28
39.519999999999996
39.44
39.44
39.36
39.6
39.04
39.04
39.36
39.2
39.68
39.68
39.76
39.68
39.2
39.28
39.36
39.12
39.12
39.36
39.519999999999996
39.12
39.68
39.44
39.68
39.6
39.6
39.519999999999996
39.36
39.28
39.44
39.519999999999996
39.519999999999996
39.36
39.76
39.28
39.04
39.28
39.04
39.6
39.6
39.76
39.68
39.36
39.519999999999996
39.44
39.44
39.12
39.04
39.519999999999996
39.2
39.519999999999996
39.44
39.519999999999996
39.76
39.68
39.68
39.36
39.12
39.28
39.44
39.519999999999996
39.36
39.6
39.36
39.28
39.519999999999996
39.28
39.519999999999996
39.44
39.68
39.68
39.36
39.44
39.44
39.519999999999996
39.28
39.12
39.519999999999996
38.96
39.28
39.44
39.519999999999996
39.84
39.68
39.84
39.519999999999996
39.2
39.28
39.36
39.36
39.36
39.6
39.44
39.12
39.519999999999996
39.36
39.6
39.519999999999996
39.44
39.68
39.36
39.44
39.6
39.519999999999996
39.519999999999996
39.36
39.68
39.12
39.04
39.44
39.36
39.76
39.6
40.0
39.92
39.68
39.6
39.6
39.36
39.44
39.68
39.44
38.96
39.28
38.879999999999995
39.44
39.28
39.36
39.12
38.56
38.72
38.72
38.64
38.4
38.72
38.4
38.64
38.16
38.72
38.64
38.64
38.24
38.16
38.32
38.08
38.0
38.32
37.76
38.0
38.0
38.08
38.16
38.32
37.76
37.68
37.839999999999996
37.76
37.6
37.92
37.6
37.76
37.36
37.92
37.76
37.839999999999996
37.44
37.199999999999996
37.44
37.36
37.28
37.36
37.04
37.28
37.44
37.519999999999996
37.6
37.199999999999996
37.199999999999996
37.12
37.28
36.96
37.12
36.879999999999995
37.199999999999996
37.199999999999996
37.28
37.36
37.04
37.12
36.96
37.199999999999996
36.72
37.12
36.64
37.04
37.12
37.12
37.28
36.96
36.8
36.879999999999995
37.04
36.8
36.96
36.64
36.72
37.04
37.04
37.199999999999996
36.64
36.72
36.879999999999995
36.64
36.96
36.56
36.8
36.64
37.04
36.879999999999995
36.96
36.48
36.8
36.72
36.56
36.8
36.48
36.64
36.72
36.8
36.879999999999995
36.56
36.56
36.64
36.4
36.64
36.4
36.64
36.32
36.8
36.72
36.879999999999995
36.4
36.64
36.56
36.48
36.72
36.48
36.56
36.64
36.72
37.04
36.56
36.56
36.72
36.64
36.64
36.48
36.56
36.4
36.879999999999995
36.8
36.8
36.4
36.56
36.48
36.48
36.8
36.4
36.56
36.64
36.72
36.879999999999995
36.56
36.64
36.64
36.56
36.56
36.56
36.56
36.48
36.96
36.879999999999995
36.96
36.48
36.64
36.56
36.48
36.8
36.48
36.56
36.72
36.64
37.04
36.64
36.56
36.64
36.64
36.48
36.72
36.4
36.56
36.879999999999995
36.8
37.04
36.48
36.48
36.72
36.48
36.72
36.32
36.64
36.64
36.8
36.96
36.8
36.64
36.64
36.72
36.56
36.56
36.32
36.64
36.72
36.96
36.8
36.56
36.48
36.64
36.48
36.8
36.4
36.64
36.48
36.8
36.96
36.72
36.56
36.48
36.72
36.4
36.72
36.4
36.56
36.72
36.879999999999995
36.8
36.56
36.4
36.56
36.48
36.72
36.4
36.64
36.4
36.8
36.96
36.8
36.4
36.64
36.64
36.48
36.72
36.4
36.64
36.8
36.8
36.96
36.56
36.64
36.64
36.56
36.72
36.48
36.64
36.4
36.879999999999995
36.8
36.879999999999995
36.4
36.72
36.64
36.48
36.8
36.32
36.56
36.72
36.72
36.96
36.56
36.56
36.56
36.48
36.72
36.4
36.64
36.32
36.879999999999995
36.72
36.879999999999995
36.4
36.56
36.56
36.4
36.72
36.32
36.56
36.72
36.8
37.04
36.56
36.48
36.72
36.48
36.64
36.4
36.56
36.4
36.72
36.72
36.879999999999995
36.4
36.64
36.56
36.56
36.72
36.4
36.64
36.64
36.72
36.879999999999995
36.48
36.56
36.64
36.48
36.8
36.48
36.56
36.32
36.8
36.8
36.64
36.32
36.4
36.48
36.56
36.72
36.32
36.72
36.64
36.72
36.96
36.56
36.64
36.64
36.56
36.72
36.56
36.48
36.4
36.96
36.8
36.96
36.4
36.56
36.56
36.32
36.72
36.4
36.56
36.72
36.72
36.96
36.56
36.56
36.64
36.48
36.64
36.4
36.4
36.24000000000001
36.64
36.72
36.72
36.24000000000001
36.48
36.4
36.4
36.56
36.24000000000001
36.48
36.48
36.56
36.8
36.48
36.4
36.4
36.4
36.56
36.24000000000001
36.4
36.32
36.72
36.72
36.64
36.24000000000001
36.4
36.48
36.32
36.56
36.16
36.4
36.56
36.64
36.8
36.4
36.48
36.48
36.4
36.4
36.4
36.48
36.4
36.72
36.56
36.64
36.24000000000001
36.56
36.48
36.4
36.48
36.4
36.4
36.64
36.56
36.72
36.56
36.56
36.48
36.64
36.48
36.4
36.4
36.56
36.8
36.72
36.879999999999995
36.4
36.56
36.48
36.48
36.72
36.4
36.56
36.56
36.56
36.8
36.64
36.64
36.4
36.56
36.48
36.48
36.4
36.4
36.72
36.8
36.879999999999995
36.4
36.56
36.48
36.4
36.64
36.32
36.4
36.48
36.72
36.8
36.56
36.56
36.4
36.56
36.32
36.64
36.32
36.48
36.56
36.8
36.72
36.4
36.4
36.56
36.4
36.879999999999995
36.4
36.56
36.48
36.8
36.8
36.64
36.4
36.48
36.64
36.24000000000001
36.64
36.4
36.56
36.56
36.8
36.8
36.4
36.4
36.48
36.48
36.64
36.48
36.64
36.4
36.8
36.72
36.64
36.64
36.56
36.72
36.72
36.96
36.72
36.72
36.96
37.04
37.04
37.12
36.8
37.04
36.96
36.96
37.28
36.879999999999995
37.28
36.96
37.6
37.44
37.6
37.28
37.199999999999996
37.44
37.519999999999996
37.12
37.519999999999996
37.36
37.519999999999996
37.6
37.839999999999996
37.6
37.839999999999996
37.44
37.519999999999996
37.519999999999996
37.76
37.68
37.92
37.6
37.92
37.68
38.16
38.0
38.16
37.839999999999996
37.92
38.0
37.839999999999996
37.92
38.16
37.839999999999996
37.76
38.16
38.24
38.24
38.32
38.4
38.24
38.16
38.16
38.32
38.08
38.4
37.92
38.0
38.24
38.32
38.48
38.48
38.56
38.4
38.4
38.24
38.48
38.4
38.56
38.16
38.0
38.56
38.56
38.72
38.72
38.72
38.48
38.48
38.64
38.56
38.32
38.48
38.72
38.48
38.879999999999995
38.48
38.72
38.8
38.96
38.8
38.64
38.56
38.56
38.8
38.64
38.8
38.4
38.24
38.64
38.72
39.04
38.96
39.04
38.72
38.4
38.72
38.8
38.72
38.56
38.879999999999995
38.48
38.72
38.879999999999995
38.96
39.12
38.96
38.96
38.72
38.72
38.879999999999995
38.96
38.8
38.64
38.879999999999995
38.72
38.96
38.879999999999995
38.96
39.12
39.04
39.04
38.879999999999995
38.879999999999995
38.96
38.96
38.96
38.64
39.04
38.64
38.96
38.96
39.12
39.2
39.04
39.12
38.879999999999995
38.879999999999995
38.96
39.04
38.96
38.72
39.04
38.64
38.96
39.04
39.04
39.28
39.2
39.28
38.879999999999995
38.8
39.04
39.04
39.12
38.96
39.12
38.64
38.8
38.96
39.04
39.36
39.36
39.36
39.04
38.8
38.879999999999995
38.96
39.04
38.879999999999995
39.2
38.96
38.8
39.04
38.879999999999995
39.2
39.2
39.44
39.2
38.879999999999995
38.96
38.879999999999995
38.96
38.96
39.12
39.12
38.8
39.12
38.96
39.2
38.96
39.2
39.36
39.12
39.12
39.2
39.12
38.879999999999995
38.8
39.04
38.879999999999995
39.12
39.12
39.36
39.36
39.2
39.04
38.96
38.96
39.2
39.2
39.04
38.879999999999995
39.2
38.72
38.96
39.2
39.12
39.36
39.44
39.44
38.879999999999995
38.8
38.879999999999995
39.12
39.12
38.96
39.36
39.04
38.72
38.96
38.96
39.36
39.28
39.519999999999996
39.2
38.879999999999995
38.96
39.12
38.96
38.96
39.2
39.04
38.96
39.36
39.04
39.28
39.04
39.28
39.28
39.12
39.2
39.2
39.12
39.12
38.8
39.2
38.879999999999995
39.04
39.12
39.2
39.44
39.44
39.36
38.96
38.879999999999995
39.04
39.12
39.2
38.96
39.36
38.879999999999995
38.8
38.96
38.96
39.44
39.36
39.6
39.36
39.04
39.12
39.12
38.96
39.12
39.28
39.2
38.879999999999995
39.28
39.04
39.2
39.12
39.28
39.36
39.12
39.28
39.2
39.12
38.96
38.879999999999995
39.2
38.8
39.04
39.2
39.36
39.519999999999996
39.28
39.36
39.12
38.8
39.12
39.12
39.2
39.04
39.44
38.96
38.72
39.04
38.96
39.44
39.44
39.44
39.2
39.04
39.04
39.12
38.96
39.04
39.12
39.2
39.04
39.28
39.12
39.36
39.12
39.2
39.36
38.96
39.28
39.12
39.2
39.2
38.96
39.12
38.879999999999995
39.04
39.2
39.28
39.519999999999996
39.36
39.44
39.12
38.879999999999995
38.96
39.04
39.12
39.04
39.44
39.12
38.879999999999995
39.04
38.96
39.36
39.28
39.44
39.28
39.12
39.12
39.12
38.96
38.879999999999995
38.96
39.12
39.04
39.2
39.2
39.36
39.36
39.2
39.2
38.96
38.879999999999995
39.2
39.12
39.28
39.04
39.36
38.72
38.879999999999995
39.12
39.04
39.519999999999996
39.44
39.6
39.12
38.96
38.96
38.96
39.04
39.12
39.2
39.12
38.96
39.36
39.04
39.2
39.2
39.36
39.36
39.12
39.12
39.28
39.2
39.12
38.879999999999995
39.12
38.879999999999995
39.12
39.28
39.2
39.44
39.28
39.36
39.12
38.8
39.04
39.12
39.36
39.04
39.44
38.96
38.96
39.04
38.96
39.36
39.28
39.44
39.36
38.96
39.12
39.12
38.96
39.04
39.12
39.2
38.96
39.12
39.12
39.36
39.28
39.2
39.28
39.04
39.12
39.12
39.2
39.28
38.96
39.2
38.64
38.96
39.2
39.2
39.6
39.44
39.44
39.2
38.879999999999995
38.96
39.04
39.28
39.12
39.36
39.12
38.879999999999995
39.2
38.96
39.6
39.519999999999996
39.76
39.68
39.12
39.2
39.12
39.12
38.96
39.2
38.8
38.56
38.64
38.64
38.879999999999995
38.879999999999995
38.72
38.4
38.48
38.48
38.24
38.24
38.48
37.839999999999996
38.0
38.16
38.24
38.08
38.32
38.0
37.68
37.92
37.92
37.519999999999996
37.76
37.44
37.519999999999996
37.76
37.76
37.68
37.92
37.519999999999996
37.519999999999996
37.44
37.44
37.199999999999996
37.44
37.12
37.36
37.12
37.519999999999996
37.36
37.519999999999996
36.96
37.12
37.199999999999996
37.04
37.28
36.8
37.199999999999996
36.8
37.28
37.199999999999996
37.28
36.72
36.879999999999995
37.04
36.8
37.12
36.64
36.96
36.56
37.12
36.879999999999995
37.12
36.48
36.72
36.72
36.64
36.8
36.48
36.64
36.64
36.8
37.04
36.72
36.56
36.64
36.879999999999995
36.4
36.64
36.32
36.64
36.72
36.72
36.8
36.48
36.48
36.56
36.4
36.64
36.24000000000001
36.64
36.32
36.64
36.56
36.64
36.24000000000001
36.48
36.56
36.32
36.48
36.32
36.48
36.56
36.64
36.72
36.4
36.24000000000001
36.32
36.32
36.56
36.16
36.48
36.16
36.72
36.56
36.64
36.24000000000001
36.48
36.4
36.32
36.56
36.24000000000001
36.4
36.64
36.64
36.8
36.4
36.32
36.48
36.32
36.56
36.16
36.56
36.24000000000001
36.72
36.56
36.56
36.32
36.48
36.48
36.24000000000001
36.48
36.32
36.48
36.56
36.56
36.64
36.32
36.24000000000001
36.48
36.32
36.48
36.24000000000001
36.56
36.32
36.72
36.56
36.72
36.32
36.4
36.4
36.4
36.48
36.16
36.48
36.64
36.56
36.72
36.48
36.4
36.4
36.32
36.48
36.32
36.48
36.16
36.64
36.56
36.64
36.24000000000001
36.4
36.48
36.24000000000001
36.64
36.24000000000001
36.4
36.4
36.64
36.64
36.4
36.24000000000001
36.4
36.4
36.56
36.24000000000001
36.4
36.32
36.64
36.64
36.64
36.32
36.48
36.48
36.24000000000001
36.48
36.16
36.4
36.48
36.56
36.72
36.32
36.32
36.48
36.32
36.48
36.24000000000001
36.64
36.24000000000001
36.64
36.64
36.56
36.32
24.48
24.48
24.48
24.48
24.48
24.48
24.48
24.48
24.48
24.48
24.48
24.48
24.48
24.48
24.48
24.48
24.48
24.48
24.48
24.48
24.48
24.48
24.48
24.48
24.48
24.48
24.48
24.48
24.48
24.48
24.48
24.48
24.48
24.48
24.48
24.48
24.48
24.48
24.48
24.48
24.48
24.48
24.48
24.48
24.48
24.48
24.48
24.48
24.48
24.48
24.48
24.48
24.48
24.48
24.48
24.48
24.48
24.48
24.48
24.48
24.48
24.48
24.48
24.48
24.48
24.48
24.48
24.48
24.48
24.48
24.48
24.48
24.48
24.48
24.48
24.48
24.48
24.48
