36.800000000000004
37.599999999999994
37.599999999999994
37.199999999999996
36.800000000000004
36.4
37.599999999999994
37.199999999999996
37.199999999999996
36.4
36.4
38.0
37.599999999999994
37.199999999999996
36.800000000000004
36.4
36.4
36.0
35.6
35.2
37.199999999999996
36.800000000000004
36.4
36.4
36.0
37.599999999999994
37.599999999999994
37.199999999999996
36.800000000000004
36.800000000000004
37.599999999999994
37.199999999999996
37.199999999999996
36.4
38.0
37.599999999999994
37.199999999999996
37.199999999999996
36.800000000000004
38.0
37.599999999999994
37.199999999999996
36.800000000000004
36.4
38.0
38.0
37.199999999999996
36.800000000000004
37.199999999999996
38.0
37.599999999999994
37.199999999999996
36.800000000000004
38.0
37.599999999999994
37.199999999999996
36.800000000000004
36.4
36.800000000000004
36.4
36.0
36.0
36.0
37.199999999999996
36.800000000000004
36.4
36.0
38.0
37.599999999999994
37.199999999999996
36.800000000000004
36.800000000000004
37.599999999999994
37.199999999999996
37.199999999999996
36.800000000000004
36.4
37.199999999999996
36.800000000000004
36.800000000000004
36.4
37.599999999999994
37.199999999999996
36.800000000000004
36.800000000000004
36.4
37.599999999999994
37.599999999999994
37.199999999999996
37.199999999999996
36.800000000000004
36.4
36.0
35.6
35.6
37.199999999999996
36.800000000000004
36.4
36.4
36.0
37.599999999999994
37.199999999999996
36.800000000000004
36.4
37.599999999999994
37.199999999999996
36.800000000000004
36.800000000000004
36.4
37.599999999999994
37.599999999999994
37.199999999999996
36.800000000000004
36.800000000000004
37.599999999999994
37.199999999999996
37.199999999999996
36.800000000000004
38.0
37.599999999999994
37.199999999999996
36.800000000000004
36.800000000000004
38.0
37.599999999999994
37.199999999999996
36.800000000000004
36.4
37.599999999999994
37.199999999999996
37.199999999999996
36.800000000000004
37.199999999999996
36.4
36.0
36.0
35.6
36.800000000000004
36.800000000000004
36.4
36.0
37.199999999999996
37.599999999999994
37.199999999999996
36.800000000000004
36.800000000000004
37.599999999999994
37.199999999999996
37.199999999999996
36.800000000000004
36.4
37.199999999999996
36.800000000000004
36.4
36.4
37.599999999999994
37.199999999999996
36.800000000000004
36.4
36.4
37.599999999999994
37.199999999999996
37.199999999999996
36.800000000000004
36.4
36.0
36.0
35.6
35.2
36.800000000000004
36.800000000000004
36.4
36.0
35.6
37.599999999999994
37.199999999999996
36.800000000000004
36.4
37.599999999999994
37.199999999999996
37.199999999999996
36.4
36.0
37.599999999999994
37.199999999999996
37.199999999999996
36.800000000000004
36.800000000000004
37.599999999999994
37.199999999999996
36.800000000000004
36.4
38.0
37.599999999999994
37.199999999999996
36.800000000000004
36.800000000000004
37.599999999999994
37.199999999999996
37.199999999999996
36.800000000000004
37.599999999999994
37.599999999999994
37.199999999999996
36.800000000000004
36.4
36.800000000000004
36.4
36.0
35.6
36.800000000000004
36.800000000000004
36.4
36.4
36.0
37.599999999999994
37.599999999999994
37.199999999999996
36.800000000000004
36.4
37.199999999999996
36.800000000000004
36.800000000000004
36.4
37.599999999999994
37.199999999999996
36.800000000000004
36.0
36.0
37.199999999999996
36.800000000000004
36.4
36.4
37.599999999999994
37.599999999999994
37.199999999999996
36.800000000000004
36.4
36.4
36.0
35.2
35.2
36.800000000000004
36.4
36.4
36.0
35.6
37.199999999999996
37.199999999999996
36.800000000000004
36.4
37.599999999999994
36.800000000000004
36.800000000000004
36.4
36.4
37.599999999999994
37.199999999999996
37.199999999999996
36.800000000000004
36.4
37.599999999999994
36.800000000000004
36.800000000000004
36.4
37.599999999999994
37.599999999999994
36.800000000000004
36.800000000000004
36.4
37.199999999999996
37.199999999999996
37.199999999999996
36.800000000000004
37.599999999999994
37.199999999999996
36.800000000000004
36.4
36.0
36.4
36.0
36.0
35.6
36.800000000000004
36.4
36.0
36.0
35.6
37.199999999999996
37.199999999999996
36.800000000000004
36.4
37.199999999999996
36.800000000000004
36.800000000000004
36.4
36.4
37.199999999999996
36.800000000000004
36.4
36.0
37.199999999999996
37.199999999999996
36.4
36.4
36.4
37.599999999999994
37.199999999999996
36.800000000000004
36.4
36.4
36.0
35.6
35.2
34.8
36.800000000000004
36.4
36.4
36.0
37.199999999999996
37.199999999999996
36.800000000000004
36.4
36.4
37.199999999999996
36.800000000000004
36.800000000000004
36.4
37.599999999999994
37.199999999999996
36.800000000000004
36.800000000000004
36.800000000000004
37.199999999999996
37.199999999999996
36.800000000000004
36.4
37.599999999999994
37.199999999999996
37.199999999999996
36.800000000000004
36.4
37.599999999999994
37.199999999999996
36.800000000000004
36.4
37.599999999999994
37.199999999999996
36.800000000000004
36.4
36.4
36.4
36.0
35.6
35.6
36.800000000000004
36.4
36.4
35.6
35.6
37.199999999999996
37.199999999999996
36.800000000000004
36.4
37.199999999999996
36.800000000000004
36.4
36.800000000000004
36.0
37.199999999999996
36.800000000000004
36.4
36.0
37.599999999999994
36.800000000000004
36.4
36.4
35.6
37.199999999999996
37.199999999999996
36.800000000000004
36.4
36.0
36.0
35.6
35.2
34.8
36.4
36.4
36.0
35.6
37.199999999999996
36.800000000000004
36.800000000000004
36.4
36.0
37.199999999999996
36.800000000000004
36.4
36.0
37.199999999999996
37.199999999999996
36.800000000000004
36.800000000000004
36.4
37.199999999999996
37.199999999999996
36.4
36.4
37.599999999999994
37.199999999999996
37.199999999999996
36.4
36.4
37.199999999999996
37.199999999999996
36.800000000000004
36.4
37.199999999999996
36.800000000000004
36.800000000000004
36.0
36.0
36.4
36.0
35.6
35.2
36.800000000000004
36.4
36.0
35.6
37.199999999999996
37.199999999999996
36.800000000000004
36.4
36.4
36.800000000000004
36.800000000000004
36.4
36.4
37.199999999999996
37.199999999999996
36.4
36.0
35.6
36.800000000000004
36.800000000000004
36.4
36.0
37.199999999999996
37.199999999999996
36.800000000000004
36.4
36.0
36.0
35.6
35.2
34.8
36.4
36.0
36.0
36.0
36.4
37.199999999999996
36.4
36.4
36.0
36.800000000000004
36.800000000000004
36.4
36.0
37.599999999999994
37.199999999999996
36.800000000000004
36.4
36.0
37.199999999999996
37.199999999999996
36.800000000000004
36.4
37.599999999999994
37.199999999999996
37.199999999999996
36.800000000000004
36.4
37.199999999999996
37.199999999999996
36.800000000000004
36.4
37.199999999999996
37.199999999999996
36.4
36.4
36.0
36.0
36.0
35.6
35.2
36.4
36.4
36.0
35.6
36.800000000000004
37.199999999999996
36.800000000000004
36.4
36.0
37.199999999999996
36.800000000000004
36.800000000000004
36.0
37.199999999999996
36.800000000000004
36.4
36.0
36.0
36.800000000000004
36.4
36.0
35.6
37.199999999999996
36.800000000000004
36.800000000000004
36.4
36.0
36.0
35.2
34.8
34.8
36.4
36.4
36.0
35.6
37.199999999999996
36.800000000000004
36.4
36.4
35.6
37.199999999999996
36.800000000000004
36.4
36.0
37.199999999999996
36.800000000000004
36.800000000000004
36.4
36.0
37.199999999999996
36.800000000000004
36.800000000000004
36.0
37.199999999999996
37.199999999999996
36.800000000000004
36.4
36.4
37.199999999999996
36.800000000000004
36.4
36.4
36.800000000000004
36.800000000000004
36.4
36.0
36.0
36.0
35.6
35.2
35.2
36.4
36.4
36.0
35.6
37.199999999999996
36.800000000000004
36.800000000000004
36.0
36.4
36.800000000000004
36.800000000000004
36.0
36.0
36.800000000000004
36.4
36.4
36.0
37.199999999999996
36.800000000000004
36.4
36.0
36.0
36.800000000000004
36.800000000000004
36.800000000000004
36.0
36.0
35.6
35.2
34.8
36.800000000000004
36.4
36.0
35.6
35.6
37.199999999999996
36.4
36.4
36.0
37.199999999999996
36.800000000000004
36.4
36.0
35.6
36.800000000000004
36.4
36.4
36.0
37.199999999999996
36.800000000000004
36.4
36.4
37.199999999999996
37.199999999999996
36.800000000000004
36.4
36.4
37.199999999999996
37.199999999999996
36.800000000000004
36.4
37.199999999999996
36.800000000000004
36.4
36.4
35.6
36.0
35.2
35.2
34.8
36.4
36.4
36.0
35.6
37.199999999999996
36.800000000000004
36.4
36.4
36.0
36.800000000000004
36.4
36.0
36.0
37.199999999999996
36.800000000000004
36.0
36.0
36.800000000000004
36.800000000000004
36.4
36.0
36.0
37.199999999999996
36.800000000000004
36.4
36.0
36.0
35.6
35.6
34.8
36.4
36.4
36.0
36.0
35.6
36.800000000000004
36.4
36.4
36.0
37.199999999999996
36.800000000000004
36.4
36.0
35.6
36.800000000000004
36.800000000000004
36.4
36.0
37.199999999999996
36.800000000000004
36.4
36.4
37.199999999999996
37.199999999999996
36.800000000000004
36.4
36.0
37.199999999999996
36.800000000000004
36.800000000000004
36.4
36.800000000000004
36.800000000000004
36.4
36.0
35.6
36.0
35.6
35.2
34.8
36.4
36.0
36.0
35.2
37.199999999999996
37.199999999999996
36.4
36.4
36.0
36.800000000000004
36.4
36.0
36.0
36.800000000000004
36.800000000000004
36.0
35.6
36.800000000000004
36.4
36.4
36.0
36.0
36.800000000000004
36.4
36.4
36.4
35.6
35.2
35.2
34.8
36.4
36.0
35.6
35.6
35.6
36.800000000000004
36.800000000000004
36.0
36.0
36.800000000000004
36.4
36.4
36.0
37.199999999999996
36.800000000000004
36.4
36.4
36.4
37.199999999999996
36.800000000000004
36.4
36.0
37.199999999999996
36.800000000000004
36.800000000000004
36.4
36.4
36.800000000000004
36.800000000000004
36.4
36.0
37.199999999999996
36.4
36.4
36.0
36.4
36.0
35.6
35.6
36.0
36.0
36.0
35.6
35.2
37.199999999999996
36.800000000000004
36.4
36.0
36.4
36.4
36.4
36.0
36.4
36.800000000000004
36.4
36.0
35.6
36.4
36.4
36.0
36.0
36.800000000000004
36.800000000000004
36.4
36.4
36.0
35.6
35.2
34.8
34.8
36.4
36.0
35.6
35.2
36.800000000000004
36.800000000000004
36.4
36.0
37.199999999999996
36.4
36.4
36.0
35.6
36.800000000000004
36.800000000000004
36.4
36.0
37.199999999999996
36.800000000000004
36.800000000000004
36.4
36.800000000000004
36.800000000000004
36.800000000000004
36.4
36.0
37.199999999999996
36.800000000000004
36.4
36.0
37.199999999999996
36.4
36.4
36.0
35.6
35.6
35.6
35.2
35.2
36.4
36.0
35.6
35.2
37.199999999999996
36.800000000000004
36.4
36.0
36.800000000000004
36.4
36.4
36.0
35.6
36.4
36.4
36.0
35.6
36.800000000000004
36.4
36.4
36.0
36.800000000000004
36.800000000000004
36.800000000000004
36.4
36.0
35.6
35.2
34.8
34.8
36.4
36.0
35.6
35.6
36.800000000000004
36.4
36.4
36.0
35.6
36.800000000000004
36.4
36.0
36.0
36.800000000000004
36.4
36.4
36.0
37.199999999999996
36.800000000000004
36.4
36.0
36.0
37.199999999999996
36.800000000000004
36.4
36.4
36.800000000000004
36.800000000000004
36.800000000000004
36.4
37.199999999999996
36.800000000000004
36.4
36.0
35.6
36.0
35.6
35.2
34.8
36.4
36.0
35.6
35.2
37.199999999999996
36.800000000000004
36.4
36.0
36.4
36.4
36.0
36.0
35.6
36.800000000000004
36.0
36.0
35.6
36.800000000000004
36.4
36.4
36.0
36.800000000000004
36.800000000000004
36.4
36.4
36.0
35.6
35.2
34.8
34.8
36.4
35.6
35.6
35.6
36.800000000000004
36.4
36.4
36.0
35.6
36.800000000000004
36.4
36.0
35.6
36.800000000000004
36.800000000000004
36.4
36.0
37.199999999999996
36.4
36.4
36.0
36.0
36.800000000000004
36.800000000000004
36.4
36.0
36.800000000000004
36.800000000000004
36.4
36.0
37.199999999999996
36.4
36.0
36.0
35.6
35.6
35.6
35.2
34.8
36.4
36.0
35.2
35.2
36.800000000000004
36.800000000000004
36.4
36.4
36.800000000000004
36.4
36.0
36.0
35.6
36.800000000000004
36.0
35.6
35.6
36.800000000000004
36.4
36.0
35.6
37.199999999999996
36.800000000000004
36.4
36.0
36.0
35.6
35.2
34.8
34.4
36.4
36.0
35.6
35.2
36.800000000000004
36.4
36.4
35.6
36.800000000000004
36.4
36.4
36.0
35.6
36.800000000000004
36.4
36.4
36.0
36.800000000000004
36.800000000000004
36.4
36.0
37.199999999999996
36.800000000000004
36.4
36.0
36.0
36.800000000000004
36.800000000000004
36.4
36.0
36.800000000000004
36.4
36.4
35.6
35.6
35.6
35.2
34.8
36.4
36.0
35.6
35.2
35.2
36.800000000000004
36.4
36.4
36.0
36.800000000000004
36.4
36.0
35.6
36.800000000000004
36.4
36.0
35.6
36.4
36.0
36.0
35.6
35.6
36.800000000000004
36.4
36.4
36.0
35.6
35.2
35.2
35.2
36.4
36.0
35.6
35.2
35.2
36.800000000000004
36.4
36.0
35.6
36.800000000000004
36.4
36.0
36.0
37.199999999999996
36.800000000000004
36.4
36.0
36.0
36.800000000000004
36.4
36.0
35.6
37.199999999999996
36.800000000000004
36.4
36.4
37.199999999999996
36.800000000000004
36.4
36.4
36.800000000000004
36.4
36.4
36.0
35.6
35.6
35.6
34.8
34.8
36.0
36.4
35.6
35.2
37.199999999999996
36.800000000000004
36.4
36.0
36.800000000000004
36.4
36.0
35.6
35.6
36.4
36.4
36.0
35.6
37.199999999999996
36.4
36.0
35.6
36.800000000000004
36.800000000000004
36.4
36.0
36.0
35.2
35.2
34.8
34.4
36.0
35.6
35.6
35.6
36.800000000000004
36.4
36.0
35.6
36.800000000000004
36.4
36.0
36.0
35.6
36.800000000000004
36.4
36.4
36.0
36.800000000000004
36.4
36.4
36.0
37.199999999999996
36.800000000000004
36.4
36.4
36.0
36.800000000000004
36.4
36.4
36.0
36.800000000000004
36.4
36.0
35.6
36.0
35.2
35.2
34.8
36.0
36.0
35.6
35.6
36.4
36.800000000000004
36.4
36.0
36.0
36.4
36.4
36.0
35.6
36.800000000000004
36.4
36.0
35.6
36.800000000000004
36.4
36.0
35.6
36.0
36.800000000000004
36.800000000000004
36.4
36.0
35.6
35.2
34.8
34.8
36.4
36.0
35.6
35.2
36.800000000000004
36.4
36.4
35.6
35.6
36.800000000000004
36.4
36.0
35.6
36.800000000000004
36.4
36.4
36.0
37.199999999999996
36.800000000000004
36.4
36.0
36.800000000000004
36.800000000000004
36.800000000000004
36.0
36.0
36.800000000000004
36.4
36.800000000000004
36.0
37.199999999999996
36.800000000000004
36.4
36.0
37.599999999999994
38.0
37.599999999999994
36.800000000000004
37.199999999999996
38.8
38.4
38.0
37.599999999999994
40.0
39.2
39.2
38.8
39.6
39.2
38.8
38.8
38.4
39.6
39.2
38.8
38.8
39.6
39.2
39.2
38.8
38.8
40.4
40.0
39.6
39.6
38.8
38.8
38.4
38.0
38.0
39.6
39.6
39.2
38.8
38.8
40.4
40.0
40.0
39.2
40.0
40.4
40.0
39.6
39.2
41.2
40.8
40.4
40.4
40.0
41.2
40.8
40.8
40.0
39.6
41.6
41.2
40.8
40.8
40.4
41.6
41.6
41.2
40.8
40.4
41.6
41.2
40.8
40.4
40.0
40.8
40.8
40.0
40.0
39.6
39.2
40.8
40.8
40.4
40.0
39.6
42.0
42.0
41.2
41.2
40.8
42.0
41.6
41.6
40.8
40.8
40.8
41.6
41.6
41.2
40.8
40.4
42.400000000000006
42.0
41.6
41.2
40.8
42.0
42.800000000000004
42.400000000000006
42.400000000000006
42.0
41.2
42.0
41.2
40.8
40.8
40.4
40.0
42.400000000000006
42.0
42.0
41.6
41.2
40.4
43.2
42.800000000000004
42.800000000000004
42.0
42.0
41.6
43.2
42.800000000000004
42.400000000000006
42.400000000000006
42.0
41.2
44.39999999999999
44.0
43.2
43.2
42.800000000000004
42.400000000000006
44.39999999999999
44.39999999999999
43.6
43.2
42.800000000000004
42.400000000000006
44.800000000000004
44.39999999999999
44.39999999999999
44.0
43.2
42.800000000000004
42.800000000000004
44.39999999999999
44.39999999999999
44.0
43.6
43.2
42.800000000000004
44.800000000000004
44.39999999999999
44.39999999999999
43.6
43.6
43.2
42.800000000000004
44.39999999999999
44.0
43.6
43.2
42.800000000000004
42.800000000000004
42.800000000000004
45.199999999999996
44.800000000000004
44.39999999999999
43.2
43.6
42.800000000000004
45.199999999999996
46.0
45.60000000000001
45.199999999999996
44.800000000000004
44.39999999999999
44.0
44.800000000000004
45.60000000000001
45.199999999999996
44.800000000000004
44.800000000000004
44.0
43.6
43.2
46.400000000000006
45.60000000000001
45.60000000000001
45.199999999999996
44.800000000000004
44.39999999999999
44.0
46.400000000000006
46.400000000000006
45.60000000000001
45.199999999999996
45.199999999999996
44.800000000000004
44.39999999999999
45.199999999999996
47.599999999999994
47.199999999999996
46.8
46.400000000000006
46.0
45.60000000000001
45.199999999999996
45.199999999999996
46.400000000000006
46.0
46.0
45.199999999999996
44.800000000000004
44.39999999999999
44.39999999999999
46.400000000000006
47.199999999999996
46.8
46.8
46.400000000000006
46.0
45.60000000000001
45.199999999999996
45.199999999999996
48.8
48.4
47.599999999999994
47.599999999999994
46.8
46.8
46.400000000000006
46.0
48.0
48.4
48.0
47.599999999999994
47.199999999999996
46.8
46.400000000000006
46.0
45.60000000000001
49.6
49.6
49.2
48.8
48.4
48.0
47.599999999999994
46.8
46.8
48.4
49.6
49.2
48.8
48.4
48.0
47.599999999999994
47.199999999999996
46.8
47.199999999999996
50.4
50.0
50.0
49.6
48.8
48.4
48.0
47.599999999999994
47.199999999999996
48.8
50.4
50.4
50.0
49.6
49.2
48.4
48.4
48.0
47.599999999999994
48.8
50.8
50.4
50.0
49.6
49.2
48.8
48.4
48.0
47.599999999999994
47.199999999999996
50.0
51.2
50.8
50.4
50.0
49.2
49.2
48.8
48.0
47.599999999999994
47.599999999999994
49.6
51.6
51.6
51.2
50.8
50.4
49.6
49.6
48.8
48.8
48.4
48.0
51.2
52.400000000000006
52.0
51.6
51.2
50.8
50.4
50.0
49.6
49.2
48.8
48.0
48.0
49.2
49.2
48.4
48.4
47.599999999999994
47.199999999999996
47.199999999999996
46.400000000000006
46.0
46.0
45.60000000000001
48.4
51.2
52.800000000000004
52.800000000000004
52.400000000000006
51.6
51.2
50.8
50.8
50.0
49.6
49.2
48.8
48.4
50.8
52.400000000000006
53.2
52.800000000000004
52.400000000000006
52.0
51.2
50.8
50.8
50.4
50.0
49.6
49.6
49.2
48.8
48.8
49.2
49.2
48.8
48.8
48.0
47.599999999999994
47.599999999999994
47.199999999999996
46.8
46.400000000000006
45.60000000000001
45.199999999999996
44.800000000000004
46.8
48.0
47.599999999999994
47.199999999999996
46.8
46.400000000000006
46.400000000000006
46.0
45.60000000000001
44.800000000000004
44.39999999999999
44.39999999999999
46.8
50.4
52.0
53.599999999999994
53.2
52.400000000000006
52.400000000000006
51.6
51.2
51.2
50.4
50.0
49.6
49.2
48.8
48.4
51.2
52.800000000000004
53.599999999999994
54.0
53.599999999999994
53.2
52.400000000000006
52.0
51.6
51.6
51.6
51.2
50.8
50.4
50.0
49.6
49.2
48.8
49.2
49.6
49.2
48.8
48.0
47.599999999999994
47.599999999999994
47.199999999999996
46.8
46.400000000000006
46.0
45.60000000000001
45.199999999999996
44.39999999999999
46.8
48.0
49.2
49.2
48.8
48.0
47.599999999999994
47.599999999999994
46.8
46.8
46.400000000000006
46.0
45.60000000000001
45.199999999999996
47.599999999999994
51.2
52.800000000000004
53.599999999999994
54.0
53.599999999999994
52.800000000000004
52.800000000000004
52.400000000000006
51.6
51.2
51.2
50.4
50.0
49.6
49.2
48.8
48.8
48.4
49.2
49.6
50.0
49.6
49.2
48.8
48.0
48.0
47.599999999999994
47.199999999999996
46.8
46.400000000000006
46.0
45.60000000000001
46.8
50.4
52.400000000000006
53.2
54.0
54.0
54.0
53.2
52.800000000000004
52.400000000000006
52.0
51.6
51.6
51.2
51.2
50.8
50.4
50.0
49.6
49.2
48.8
48.8
49.6
50.0
49.6
49.6
48.8
48.4
48.0
48.0
47.199999999999996
47.199999999999996
46.8
46.400000000000006
46.0
45.199999999999996
45.199999999999996
44.800000000000004
46.8
48.0
49.6
50.8
50.4
49.6
49.2
49.2
48.8
48.0
48.0
47.599999999999994
47.199999999999996
46.8
46.400000000000006
46.0
47.599999999999994
50.8
52.800000000000004
53.599999999999994
54.0
54.39999999999999
54.0
53.599999999999994
52.800000000000004
52.800000000000004
52.0
51.6
51.6
51.2
51.2
50.8
50.4
50.0
49.6
49.6
48.8
48.8
49.2
49.6
50.0
49.6
49.2
48.8
48.4
48.0
47.599999999999994
47.199999999999996
46.8
46.8
46.400000000000006
45.60000000000001
45.60000000000001
44.800000000000004
45.60000000000001
47.199999999999996
48.4
49.6
50.4
50.4
49.6
49.6
49.2
48.4
48.0
48.0
47.599999999999994
47.199999999999996
46.8
46.400000000000006
46.0
47.199999999999996
50.8
52.400000000000006
53.599999999999994
54.39999999999999
54.39999999999999
54.0
53.599999999999994
53.2
52.800000000000004
52.400000000000006
52.0
51.6
51.6
51.6
50.8
50.4
50.4
50.0
49.6
49.2
48.8
48.8
49.6
50.0
50.0
49.6
49.6
48.8
48.4
48.0
47.599999999999994
47.199999999999996
46.8
46.400000000000006
46.400000000000006
45.60000000000001
45.60000000000001
45.199999999999996
45.199999999999996
47.199999999999996
48.4
50.0
51.6
51.6
51.6
50.8
50.4
50.0
49.6
49.2
48.8
48.4
48.0
47.599999999999994
47.199999999999996
46.8
48.0
51.2
53.2
53.599999999999994
54.0
54.39999999999999
54.0
53.599999999999994
52.800000000000004
52.800000000000004
52.400000000000006
51.6
51.6
51.6
50.8
50.8
50.4
50.0
49.6
49.2
48.8
48.4
48.8
49.2
50.0
50.0
49.6
49.2
48.8
48.4
47.599999999999994
47.599999999999994
47.199999999999996
46.8
46.0
46.400000000000006
45.60000000000001
45.199999999999996
44.39999999999999
45.60000000000001
47.199999999999996
49.2
50.8
52.0
52.0
51.6
51.2
50.8
50.4
50.0
49.6
49.2
48.8
48.4
47.599999999999994
47.199999999999996
47.199999999999996
50.0
52.400000000000006
53.2
54.0
54.39999999999999
54.39999999999999
54.0
53.599999999999994
53.2
52.400000000000006
52.400000000000006
52.400000000000006
52.0
51.6
51.2
50.8
50.4
50.4
49.6
49.2
48.8
48.4
49.2
49.6
50.0
50.0
50.0
49.2
49.2
48.8
48.0
47.599999999999994
47.199999999999996
46.8
46.8
46.400000000000006
46.0
45.60000000000001
45.199999999999996
44.800000000000004
47.199999999999996
48.4
49.2
50.4
50.0
49.6
49.2
48.8
48.4
48.0
47.599999999999994
47.199999999999996
46.8
46.8
46.0
45.60000000000001
47.199999999999996
50.8
52.400000000000006
53.599999999999994
54.0
54.39999999999999
54.39999999999999
54.0
53.2
53.2
52.400000000000006
52.400000000000006
51.6
51.6
51.6
51.2
50.8
50.4
50.0
49.6
49.2
49.2
48.4
49.2
49.6
50.0
50.0
49.2
48.8
48.8
48.0
48.0
47.599999999999994
46.8
46.8
46.0
46.0
45.60000000000001
45.199999999999996
44.39999999999999
46.8
48.0
49.2
50.4
50.8
50.4
49.6
49.6
49.2
48.4
48.0
48.0
47.599999999999994
46.8
46.8
46.400000000000006
45.60000000000001
47.199999999999996
50.8
52.800000000000004
53.599999999999994
54.39999999999999
54.39999999999999
54.39999999999999
54.0
53.599999999999994
53.2
52.400000000000006
52.0
51.6
51.6
51.2
51.2
50.8
50.4
50.0
49.6
49.6
49.2
48.4
48.4
49.2
50.0
50.0
49.6
49.2
48.8
48.4
48.0
48.0
47.199999999999996
47.199999999999996
46.8
46.0
45.199999999999996
45.199999999999996
44.800000000000004
44.0
46.0
47.599999999999994
49.6
51.6
52.800000000000004
52.400000000000006
51.6
51.6
50.8
50.8
50.0
49.6
49.6
48.8
48.4
48.0
47.599999999999994
47.199999999999996
48.8
51.6
52.800000000000004
53.599999999999994
54.39999999999999
54.39999999999999
54.39999999999999
54.0
53.599999999999994
52.800000000000004
53.2
52.800000000000004
52.400000000000006
52.400000000000006
51.6
51.6
51.2
50.8
50.4
50.0
49.6
49.2
48.8
48.4
48.8
49.6
49.2
49.6
49.2
48.8
48.4
48.0
47.599999999999994
47.199999999999996
46.8
46.400000000000006
46.0
46.0
45.199999999999996
44.39999999999999
44.0
44.0
46.8
49.2
51.6
52.800000000000004
53.2
52.800000000000004
52.400000000000006
52.0
51.6
51.2
50.8
50.4
50.0
49.6
49.2
48.8
48.4
48.0
48.0
50.8
52.400000000000006
53.599999999999994
54.0
54.39999999999999
54.39999999999999
54.800000000000004
54.39999999999999
54.0
54.0
53.599999999999994
53.2
53.2
52.800000000000004
52.400000000000006
51.6
51.2
50.8
50.8
50.0
49.6
49.2
48.8
48.4
48.0
49.2
49.6
49.6
49.6
49.2
48.4
48.4
48.0
47.599999999999994
47.199999999999996
46.8
46.400000000000006
46.0
45.60000000000001
45.60000000000001
44.800000000000004
44.39999999999999
44.800000000000004
46.8
49.2
51.2
52.400000000000006
52.800000000000004
52.400000000000006
51.6
51.6
50.8
50.4
50.4
50.0
49.6
49.2
48.8
48.0
48.0
47.599999999999994
47.599999999999994
51.2
52.800000000000004
53.599999999999994
54.39999999999999
54.39999999999999
54.800000000000004
54.800000000000004
54.39999999999999
53.599999999999994
53.599999999999994
53.599999999999994
53.599999999999994
52.800000000000004
52.800000000000004
52.400000000000006
52.0
51.2
50.8
50.8
50.0
49.6
49.2
48.8
48.4
48.8
49.6
50.0
50.0
49.6
49.2
48.8
48.8
48.0
47.599999999999994
47.599999999999994
47.199999999999996
46.8
46.400000000000006
46.0
45.199999999999996
45.199999999999996
44.800000000000004
45.199999999999996
46.8
48.4
50.4
52.0
53.2
52.400000000000006
52.0
52.0
51.6
51.2
50.4
50.0
49.6
49.2
48.8
48.0
48.4
47.599999999999994
47.599999999999994
50.4
52.400000000000006
53.599999999999994
54.0
54.39999999999999
54.39999999999999
54.39999999999999
54.39999999999999
53.599999999999994
53.599999999999994
53.2
53.2
52.800000000000004
52.400000000000006
51.6
51.2
51.2
50.8
50.4
50.0
49.6
49.2
48.8
48.8
49.2
49.6
50.0
50.0
49.6
49.2
48.8
48.4
48.0
47.599999999999994
47.199999999999996
46.8
46.8
46.400000000000006
45.60000000000001
45.199999999999996
45.199999999999996
44.39999999999999
46.8
48.0
49.6
51.2
52.0
52.0
51.6
50.8
50.4
50.0
50.0
49.6
48.8
48.4
48.4
47.599999999999994
47.199999999999996
46.8
50.4
52.0
53.599999999999994
54.0
54.39999999999999
54.800000000000004
54.39999999999999
54.0
53.2
52.800000000000004
52.800000000000004
52.400000000000006
52.400000000000006
52.0
51.6
51.2
50.8
50.4
50.0
49.6
49.2
48.8
48.4
48.8
49.2
50.0
50.0
49.6
49.6
48.8
48.4
48.0
47.599999999999994
47.199999999999996
46.8
46.8
46.400000000000006
46.0
45.199999999999996
45.199999999999996
44.39999999999999
46.0
47.599999999999994
49.6
51.2
52.0
52.0
51.2
51.2
50.8
50.4
49.6
49.2
49.2
48.4
48.0
48.0
47.599999999999994
46.8
50.8
52.800000000000004
53.599999999999994
54.0
54.0
54.39999999999999
54.0
53.599999999999994
53.2
52.800000000000004
52.400000000000006
52.400000000000006
52.400000000000006
51.6
51.6
51.2
50.8
50.4
50.0
49.2
49.2
48.8
49.2
49.6
50.0
50.0
49.6
49.2
48.8
48.4
48.0
47.599999999999994
47.199999999999996
46.8
46.400000000000006
46.400000000000006
46.0
45.199999999999996
45.199999999999996
44.800000000000004
47.199999999999996
48.4
49.2
50.8
50.8
50.4
49.6
