4.6654500961
4.6140694618
4.6136536598
4.5904121399
4.5112128258
4.5150222778
4.4853620529
4.512717247
4.4593038559
4.4574790001
4.4061784744
4.4105963707
4.4036655426
4.3494839668
4.3651380539
4.3124928474
4.2997040749
4.2485313416
4.2664265633
4.2230172157
4.2235612869
4.1780233383
4.1428089142
4.1359267235
4.1379909515
4.123793602
4.0816645622
4.0380148888
4.0396318436
3.9969108105
3.9777510166
3.9418487549
3.9384074211
3.9089233875
3.8896839619
3.8604083061
3.8426733017
3.8199279308
3.7985591888
3.7671067715
3.7524447441
3.7374472618
3.6904361248
3.6888673306
3.6586794853
3.6505644321
3.6303160191
3.5931811333
3.58639431
3.5666587353
3.5450022221
3.5399119854
3.5128452778
3.5256345272
3.5259065628
3.5227692127
3.5192158222
3.5259544849
3.5124769211
3.5214726925
3.5035614967
3.5256023407
3.5049061775
3.5174229145
3.5027132034
3.520768404
3.5059301853
3.5200800896
3.5168466568
3.5064907074
3.5005681515
3.4917325974
3.5110843182
3.5070507526
3.5151820183
3.5138056278
3.5038013458
3.5064425468
3.5117886066
3.4976551533
3.5053379536
3.5137574673
3.4992077351
3.5015285015
3.4995601177
3.4832012653
3.4799518585
3.4941499233
3.4910283089
3.501080513
3.4939415455
3.4931573868
3.4939575195
3.5004081726
3.4943578243
3.496534586
3.4924530983
3.4950780869
3.4966146946
3.4910123348
3.4937815666
3.4928052425
3.4751338959
3.4848821163
3.4849939346
3.4845619202
3.4854581356
3.4858424664
3.483985424
3.4748136997
3.4792635441
3.4732611179
3.4723329544
3.4712126255
3.4666025639
3.4567906857
3.4675629139
3.4648420811
3.4630169868
3.4598476887
3.4522607327
3.459559679
3.4556543827
3.4536855221
3.4661066532
3.4568066597
3.4445776939
3.4461944103
3.4614164829
3.46124053
3.4517326355
3.4506762028
3.4608402252
3.4542136192
3.4570949078
3.4494438171
3.4458582401
3.4489958286
3.4456341267
3.4470748901
3.4523730278
3.4531571865
3.4547417164
3.4533815384
3.4395196438
3.4436173439
3.4501481056
3.4331650734
3.4523088932
3.4361906052
3.4477789402
3.4516687393
3.4367666245
3.4475069046
3.4424650669
3.4394876957
3.4444499016
3.4404320717
3.4359185696
3.430588007
3.4355664253
3.4380471706
3.4359345436
3.4341256618
3.4328770638
3.4358384609
3.4338214397
3.4237856865
3.4283792973
3.4321088791
3.4262344837
3.4327011108
3.4161505699
3.427339077
3.4310843945
3.4082593918
3.4133656025
3.4131731987
3.4306201935
3.4235296249
3.4122447968
3.4229209423
3.410228014
3.4082114697
3.4159581661
3.4234974384
3.4028809071
3.4186315536
3.4040017128
3.4175908566
3.4189515114
3.3997597694
3.4166145325
3.4136376381
3.4085636139
3.4116206169
3.408803463
3.4093956947
3.4102921486
3.3936612606
