3.4051539898
3.4070427418
3.4065146446
3.3982713223
3.4038894176
3.4145658016
3.3986234665
3.4052660465
3.3938374519
3.4140057564
3.4163906574
3.4185833931
3.3980634212
3.4119887352
3.4203603268
3.4134612083
3.4181511402
3.4065787792
3.4179751873
3.4132213593
3.4206805229
3.4242975712
3.4197998047
3.43039608
3.4276752472
3.4267466068
3.4227931499
3.4193358421
3.4157342911
3.4271466732
3.4319486618
3.4351501465
3.431340456
3.4308285713
3.4295480251
3.4240577221
3.4348299503
3.4325249195
3.4359025955
3.4297878742
3.4387996197
3.4206960201
3.4324929714
3.4301240444
3.4426093102
3.4444177151
3.4438095093
3.4455702305
3.446066618
3.4508686066
3.4385273457
3.4505960941
3.4537336826
3.452725172
3.4577832222
3.4440014362
3.4481310844
3.4401438236
3.4527733326
3.4569506645
3.4530773163
3.4515247345
3.4567265511
3.4605681896
3.4449939728
3.4581031799
3.4607760906
3.4451701641
3.4585673809
3.4584715366
3.4563744068
3.4487555027
3.4556224346
3.451236248
3.4622328281
3.4616086483
3.4566464424
3.4600081444
3.4705402851
3.4716765881
3.4511725903
3.4709722996
3.4699001312
3.4643135071
3.458615303
3.4718208313
3.4718849659
3.4677071571
3.4743337631
3.4810886383
3.4832012653
3.4802880287
3.4677231312
3.4809763432
3.4822249413
3.4831371307
3.490644455
3.482352972
3.488019228
3.4837934971
3.4907882214
3.4936213493
3.4848339558
3.4966788292
3.4950461388
3.47924757
3.4925332069
3.4898600578
3.5004563332
3.5017368793
3.5037853718
3.4868986607
3.5017528534
3.4907562733
3.5028731823
3.5056099892
3.5051620007
3.5056900978
3.5158381462
3.5160787106
3.516254425
3.5008883476
3.5131654739
3.4958462715
3.4997038841
3.5080273151
3.5075788498
3.5090517998
3.50695467
3.5194878578
3.5193116665
3.5196156502
3.5014486313
3.5150060654
3.5135014057
3.517166853
3.5198721886
3.5182232857
3.5071308613
3.5250258446
3.5185916424
3.5132451057
3.5277471542
3.5236494541
3.5266265869
3.5359423161
3.5379753113
3.526642561
3.5346617699
3.5526533127
3.563201189
3.5811123848
3.6070590019
3.6297237873
3.6506283283
3.6532692909
3.6926131248
3.7142219543
3.7281794548
3.7581911087
3.7750458717
3.804577589
3.8334534168
3.8374869823
3.8651621342
3.8886914253
3.9085712433
3.9321327209
3.948587656
3.9802801609
4.0132369995
4.0368466377
4.0677871704
4.0568385124
4.124753952
4.0930452347
4.1249461174
4.1491794586
4.1895480156
4.196366787
4.2267308235
4.250916481
4.2689876556
4.2920689583
4.3043937683
4.3212485313
4.3915805817
4.3605923653
4.4123249054
4.4123888016
4.4433932304
4.4504203796
4.4689874649
4.4872989655
4.5211524963
4.5626568794
4.5754461288
4.5760545731
4.6429133415
4.646674633
