-5.0
-4.949748743718593
-4.899497487437186
-4.849246231155779
-4.798994974874372
-4.748743718592965
-4.698492462311558
-4.648241206030151
-4.597989949748744
-4.547738693467337
-4.49748743718593
-4.447236180904523
-4.396984924623116
-4.346733668341709
-4.296482412060302
-4.2462311557788945
-4.1959798994974875
-4.1457286432160805
-4.0954773869346734
-4.045226130653266
-3.9949748743718594
-3.9447236180904524
-3.8944723618090453
-3.8442211055276383
-3.7939698492462313
-3.7437185929648242
-3.693467336683417
-3.64321608040201
-3.592964824120603
-3.542713567839196
-3.492462311557789
-3.442211055276382
-3.391959798994975
-3.341708542713568
-3.291457286432161
-3.241206030150754
-3.190954773869347
-3.14070351758794
-3.090452261306533
-3.040201005025126
-2.9899497487437183
-2.9396984924623113
-2.8894472361809043
-2.8391959798994972
-2.78894472361809
-2.738693467336683
-2.688442211055276
-2.638190954773869
-2.587939698492462
-2.537688442211055
-2.487437185929648
-2.437185929648241
-2.386934673366834
-2.336683417085427
-2.28643216080402
-2.236180904522613
-2.185929648241206
-2.135678391959799
-2.0854271356783918
-2.0351758793969847
-1.9849246231155777
-1.9346733668341707
-1.8844221105527637
-1.8341708542713566
-1.7839195979899496
-1.7336683417085426
-1.6834170854271355
-1.6331658291457285
-1.5829145728643215
-1.5326633165829144
-1.4824120603015074
-1.4321608040201004
-1.3819095477386933
-1.3316582914572863
-1.2814070351758793
-1.2311557788944723
-1.1809045226130652
-1.1306532663316582
-1.0804020100502512
-1.0301507537688441
-0.9798994974874367
-0.9296482412060296
-0.8793969849246226
-0.8291457286432156
-0.7788944723618085
-0.7286432160804015
-0.6783919597989945
-0.6281407035175874
-0.5778894472361804
-0.5276381909547734
-0.47738693467336635
-0.4271356783919593
-0.3768844221105523
-0.32663316582914526
-0.2763819095477382
-0.2261306532663312
-0.17587939698492416
-0.12562814070351713
-0.0753768844221101
-0.02512562814070307
0.02512562814070396
0.07537688442211099
0.12562814070351802
0.17587939698492505
0.22613065326633208
0.2763819095477391
0.32663316582914614
0.3768844221105532
0.4271356783919602
0.47738693467336724
0.5276381909547743
0.5778894472361813
0.6281407035175883
0.6783919597989954
0.7286432160804024
0.7788944723618094
0.8291457286432165
0.8793969849246235
0.9296482412060305
0.9798994974874375
1.0301507537688446
1.0804020100502516
1.1306532663316586
1.1809045226130657
1.2311557788944727
1.2814070351758797
1.3316582914572868
1.3819095477386938
1.4321608040201008
1.4824120603015079
1.5326633165829149
1.582914572864322
1.633165829145729
1.683417085427136
1.733668341708543
1.78391959798995
1.834170854271357
1.884422110552764
1.9346733668341711
1.9849246231155782
2.035175879396985
2.085427135678392
2.1356783919597992
2.1859296482412063
2.2361809045226133
2.2864321608040203
2.3366834170854274
2.3869346733668344
2.4371859296482414
2.4874371859296485
2.5376884422110555
2.5879396984924625
2.6381909547738696
2.6884422110552766
2.7386934673366836
2.7889447236180906
2.8391959798994977
2.8894472361809047
2.9396984924623117
2.9899497487437188
3.0402010050251267
3.090452261306533
3.1407035175879408
3.190954773869347
3.241206030150755
3.291457286432161
3.341708542713569
3.391959798994975
3.442211055276383
3.492462311557789
3.542713567839197
3.592964824120603
3.643216080402011
3.693467336683417
3.743718592964825
3.7939698492462313
3.844221105527639
3.8944723618090453
3.9447236180904532
3.9949748743718594
4.045226130653267
4.0954773869346734
4.145728643216081
4.1959798994974875
4.246231155778895
4.296482412060302
4.3467336683417095
4.396984924623116
4.4472361809045236
4.49748743718593
4.547738693467338
4.597989949748744
4.648241206030152
4.698492462311558
4.748743718592966
4.798994974874372
4.84924623115578
4.899497487437186
4.949748743718594
5.0
