19.2
17.6
17.6
16.8
16.0
16.0
16.0
15.2
15.2
14.399999999999999
13.600000000000001
13.600000000000001
12.8
12.8
12.0
12.0
11.200000000000001
11.200000000000001
10.4
10.4
9.6
9.6
8.8
8.0
8.0
8.0
7.199999999999999
7.199999999999999
6.4
6.4
5.6000000000000005
4.8
4.8
4.8
4.0
4.0
3.2
2.4
2.4
1.6
1.6
0.8
0.8
0.8
0.8
1.6
1.6
2.4
2.4
3.2
4.0
3.2
4.0
4.8
4.8
5.6000000000000005
5.6000000000000005
6.4
6.4
7.199999999999999
7.199999999999999
7.199999999999999
7.199999999999999
8.0
8.8
8.8
9.6
9.6
9.6
10.4
11.200000000000001
11.200000000000001
12.0
12.0
12.8
12.8
13.600000000000001
13.600000000000001
14.399999999999999
15.2
15.2
15.2
16.0
16.0
16.8
16.8
17.6
18.400000000000002
18.400000000000002
18.400000000000002
19.2
19.2
20.0
20.8
20.8
20.8
21.6
22.400000000000002
22.400000000000002
22.400000000000002
23.2
24.0
24.0
24.8
24.8
25.6
25.6
26.400000000000002
26.400000000000002
27.200000000000003
27.200000000000003
28.000000000000004
28.000000000000004
28.000000000000004
28.799999999999997
29.6
29.6
29.6
30.4
31.200000000000003
31.200000000000003
32.0
32.0
32.800000000000004
32.800000000000004
33.6
33.6
34.4
34.4
35.2
35.2
35.2
36.0
36.0
36.800000000000004
36.800000000000004
37.6
38.4
38.4
39.2
40.0
40.0
40.0
40.8
40.8
41.6
42.400000000000006
42.400000000000006
43.2
43.2
43.2
43.2
44.0
44.0
44.800000000000004
45.60000000000001
45.60000000000001
46.4
46.4
47.199999999999996
47.199999999999996
48.0
48.0
48.8
49.6
49.6
50.4
50.4
50.4
50.4
49.6
49.6
48.8
48.8
48.0
48.0
47.199999999999996
47.199999999999996
46.4
46.4
46.4
45.60000000000001
44.800000000000004
44.800000000000004
44.0
43.2
43.2
43.2
42.400000000000006
42.400000000000006
41.6
41.6
40.8
40.8
40.0
40.0
40.0
39.2
38.4
38.4
38.4
37.6
36.800000000000004
36.800000000000004
36.0
36.0
35.2
35.2
34.4
34.4
34.4
33.6
33.6
32.800000000000004
32.800000000000004
32.0
32.0
31.200000000000003
30.4
30.4
29.6
29.6
28.799999999999997
28.799999999999997
28.000000000000004
28.000000000000004
27.200000000000003
27.200000000000003
26.400000000000002
26.400000000000002
25.6
24.8
24.8
24.8
24.0
24.0
23.2
23.2
22.400000000000002
22.400000000000002
21.6
21.6
20.8
20.8
20.0
20.0
19.2
19.2
18.400000000000002
18.400000000000002
17.6
17.6
16.8
16.8
16.0
16.0
15.2
15.2
14.399999999999999
14.399999999999999
13.600000000000001
13.600000000000001
12.8
12.8
12.0
11.200000000000001
11.200000000000001
11.200000000000001
10.4
10.4
9.6
8.8
8.8
8.0
8.0
7.199999999999999
7.199999999999999
7.199999999999999
6.4
5.6000000000000005
5.6000000000000005
5.6000000000000005
4.8
4.0
4.0
4.0
3.2
2.4
2.4
1.6
1.6
0.8
0.8
0.8
0.8
0.8
1.6
2.4
2.4
3.2
3.2
4.0
4.0
4.8
4.8
4.8
5.6000000000000005
5.6000000000000005
6.4
7.199999999999999
7.199999999999999
7.199999999999999
8.0
8.0
8.8
9.6
9.6
9.6
10.4
10.4
11.200000000000001
11.200000000000001
12.0
12.0
12.8
12.8
13.600000000000001
14.399999999999999
14.399999999999999
14.399999999999999
15.2
16.0
16.0
16.0
16.8
16.8
17.6
17.6
18.400000000000002
19.2
19.2
20.0
20.0
20.8
20.8
21.6
21.6
21.6
22.400000000000002
23.2
23.2
24.0
24.0
24.8
24.8
25.6
25.6
26.400000000000002
26.400000000000002
26.400000000000002
27.200000000000003
28.000000000000004
28.000000000000004
28.799999999999997
28.799999999999997
29.6
30.4
29.6
30.4
31.200000000000003
31.200000000000003
32.0
32.0
32.800000000000004
32.800000000000004
33.6
34.4
34.4
34.4
35.2
35.2
36.0
36.0
36.0
36.800000000000004
37.6
37.6
38.4
39.2
38.4
39.2
40.0
40.0
40.8
40.8
41.6
42.400000000000006
42.400000000000006
43.2
43.2
43.2
44.0
44.0
44.800000000000004
44.800000000000004
45.60000000000001
45.60000000000001
46.4
46.4
47.199999999999996
47.199999999999996
48.0
48.0
48.8
48.8
49.6
49.6
50.4
50.4
50.4
49.6
49.6
48.8
48.8
48.8
48.0
47.199999999999996
47.199999999999996
46.4
46.4
45.60000000000001
45.60000000000001
44.800000000000004
44.0
44.0
44.0
43.2
43.2
43.2
42.400000000000006
41.6
41.6
40.8
40.8
40.0
40.0
40.0
39.2
38.4
38.4
38.4
37.6
36.800000000000004
36.800000000000004
36.0
36.0
35.2
35.2
34.4
34.4
33.6
33.6
33.6
32.800000000000004
32.0
32.0
31.200000000000003
31.200000000000003
30.4
30.4
29.6
28.799999999999997
28.799999999999997
28.799999999999997
28.799999999999997
28.000000000000004
27.200000000000003
26.400000000000002
26.400000000000002
26.400000000000002
25.6
24.8
24.8
24.8
24.8
24.0
23.2
23.2
22.400000000000002
22.400000000000002
21.6
21.6
20.8
20.0
20.0
20.0
19.2
19.2
18.400000000000002
18.400000000000002
17.6
17.6
16.8
16.0
16.0
16.0
16.0
15.2
14.399999999999999
14.399999999999999
13.600000000000001
13.600000000000001
12.8
12.8
12.0
12.0
11.200000000000001
11.200000000000001
10.4
10.4
9.6
8.8
8.0
8.0
8.0
7.199999999999999
7.199999999999999
7.199999999999999
6.4
5.6000000000000005
5.6000000000000005
4.8
4.8
4.8
4.0
3.2
3.2
3.2
2.4
1.6
1.6
0.8
0.8
0.8
0.8
1.6
1.6
2.4
3.2
3.2
4.0
4.0
4.0
4.0
4.8
4.8
5.6000000000000005
5.6000000000000005
6.4
7.199999999999999
7.199999999999999
7.199999999999999
8.0
8.0
8.8
8.8
9.6
9.6
10.4
11.200000000000001
11.200000000000001
12.0
12.0
12.8
12.8
13.600000000000001
13.600000000000001
14.399999999999999
14.399999999999999
15.2
15.2
15.2
16.0
16.8
16.8
17.6
17.6
17.6
18.400000000000002
19.2
19.2
20.0
20.0
20.0
20.8
21.6
21.6
22.400000000000002
22.400000000000002
23.2
23.2
24.0
24.0
24.8
24.8
24.8
25.6
26.400000000000002
26.400000000000002
27.200000000000003
27.200000000000003
28.000000000000004
28.000000000000004
28.799999999999997
28.799999999999997
29.6
29.6
30.4
30.4
31.200000000000003
31.200000000000003
32.0
32.0
32.800000000000004
33.6
33.6
34.4
34.4
34.4
35.2
35.2
36.0
36.0
36.800000000000004
36.800000000000004
37.6
37.6
38.4
39.2
39.2
39.2
40.0
40.0
40.8
40.8
41.6
42.400000000000006
42.400000000000006
42.400000000000006
43.2
43.2
44.0
44.0
44.800000000000004
45.60000000000001
45.60000000000001
45.60000000000001
46.4
46.4
47.199999999999996
47.199999999999996
48.0
48.0
48.8
48.8
49.6
49.6
50.4
50.4
49.6
49.6
48.8
48.8
48.8
48.0
48.0
47.199999999999996
47.199999999999996
46.4
46.4
45.60000000000001
45.60000000000001
44.800000000000004
44.800000000000004
44.0
43.2
43.2
43.2
43.2
42.400000000000006
42.400000000000006
41.6
41.6
40.8
40.0
40.0
39.2
39.2
38.4
38.4
37.6
37.6
36.800000000000004
36.800000000000004
36.0
36.0
35.2
35.2
35.2
34.4
34.4
33.6
33.6
32.800000000000004
32.0
32.0
32.0
31.200000000000003
30.4
30.4
29.6
29.6
28.799999999999997
28.799999999999997
28.000000000000004
28.000000000000004
27.200000000000003
27.200000000000003
26.400000000000002
26.400000000000002
25.6
25.6
24.8
24.8
24.0
24.0
23.2
23.2
22.400000000000002
22.400000000000002
21.6
20.8
20.8
20.0
20.0
19.2
19.2
19.2
18.400000000000002
17.6
17.6
16.8
16.8
16.0
16.0
15.2
15.2
15.2
14.399999999999999
14.399999999999999
13.600000000000001
12.8
12.8
12.8
12.0
11.200000000000001
11.200000000000001
11.200000000000001
10.4
10.4
9.6
8.8
8.8
8.0
8.0
7.199999999999999
7.199999999999999
7.199999999999999
6.4
6.4
5.6000000000000005
4.8
4.8
4.0
4.0
3.2
3.2
2.4
2.4
2.4
1.6
0.8
0.8
0.8
0.8
1.6
1.6
2.4
2.4
3.2
3.2
4.0
4.0
4.8
4.8
5.6000000000000005
5.6000000000000005
5.6000000000000005
6.4
7.199999999999999
7.199999999999999
7.199999999999999
8.0
8.0
8.8
8.8
9.6
9.6
10.4
11.200000000000001
11.200000000000001
12.0
12.0
12.0
12.8
13.600000000000001
13.600000000000001
14.399999999999999
14.399999999999999
15.2
15.2
16.0
16.0
16.0
16.8
17.6
17.6
18.400000000000002
18.400000000000002
19.2
20.0
20.0
20.0
20.0
20.8
21.6
21.6
22.400000000000002
22.400000000000002
23.2
23.2
24.0
24.0
24.8
24.8
25.6
25.6
25.6
26.400000000000002
27.200000000000003
27.200000000000003
28.000000000000004
28.000000000000004
28.799999999999997
28.799999999999997
29.6
29.6
30.4
31.200000000000003
31.200000000000003
31.200000000000003
32.0
32.800000000000004
32.800000000000004
32.800000000000004
33.6
34.4
34.4
34.4
34.4
35.2
36.0
36.0
36.800000000000004
36.800000000000004
36.800000000000004
37.6
38.4
38.4
39.2
40.0
40.0
40.8
40.8
41.6
41.6
42.400000000000006
42.400000000000006
43.2
43.2
43.2
44.0
44.0
44.800000000000004
44.800000000000004
45.60000000000001
46.4
46.4
46.4
47.199999999999996
47.199999999999996
48.0
48.0
48.8
49.6
49.6
50.4
50.4
50.4
50.4
49.6
49.6
48.8
48.0
48.0
48.0
47.199999999999996
46.4
46.4
46.4
45.60000000000001
44.800000000000004
44.800000000000004
44.800000000000004
44.0
43.2
43.2
43.2
42.400000000000006
42.400000000000006
42.400000000000006
40.8
40.8
40.8
40.0
40.0
40.0
39.2
38.4
38.4
37.6
37.6
36.800000000000004
36.0
36.0
36.0
35.2
35.2
35.2
34.4
34.4
33.6
32.800000000000004
32.800000000000004
32.0
32.0
31.200000000000003
31.200000000000003
30.4
30.4
29.6
29.6
28.799999999999997
28.000000000000004
28.000000000000004
28.000000000000004
27.200000000000003
27.200000000000003
26.400000000000002
25.6
25.6
24.8
24.8
24.8
24.0
24.0
23.2
22.400000000000002
22.400000000000002
22.400000000000002
21.6
21.6
20.8
20.8
20.0
20.0
19.2
19.2
18.400000000000002
17.6
17.6
16.8
16.8
16.8
16.0
16.0
15.2
15.2
14.399999999999999
14.399999999999999
13.600000000000001
12.8
12.8
12.0
12.0
12.0
11.200000000000001
10.4
10.4
10.4
9.6
8.8
8.8
8.0
8.0
7.199999999999999
7.199999999999999
6.4
6.4
5.6000000000000005
5.6000000000000005
4.8
4.8
4.0
4.0
3.2
3.2
3.2
2.4
2.4
1.6
0.8
0.8
0.8
1.6
1.6
2.4
2.4
3.2
3.2
3.2
4.0
4.0
4.8
4.8
5.6000000000000005
6.4
6.4
6.4
7.199999999999999
7.199999999999999
8.0
8.0
8.8
8.8
8.8
9.6
10.4
10.4
10.4
11.200000000000001
11.200000000000001
12.0
12.8
12.8
13.600000000000001
13.600000000000001
14.399999999999999
14.399999999999999
15.2
15.2
16.0
16.0
16.8
16.8
16.8
17.6
18.400000000000002
18.400000000000002
19.2
20.0
20.0
20.0
20.8
20.8
21.6
21.6
22.400000000000002
22.400000000000002
22.400000000000002
23.2
24.0
24.0
24.8
24.8
25.6
25.6
26.400000000000002
26.400000000000002
27.200000000000003
27.200000000000003
28.000000000000004
28.000000000000004
28.799999999999997
29.6
29.6
29.6
30.4
31.200000000000003
31.200000000000003
31.200000000000003
32.0
32.800000000000004
32.800000000000004
33.6
33.6
34.4
34.4
34.4
35.2
35.2
36.0
36.0
36.800000000000004
37.6
37.6
37.6
38.4
39.2
39.2
40.0
40.0
40.0
40.8
41.6
41.6
41.6
42.400000000000006
43.2
43.2
43.2
44.0
44.0
44.800000000000004
45.60000000000001
45.60000000000001
46.4
46.4
46.4
47.199999999999996
48.0
48.0
48.8
48.8
49.6
49.6
50.4
50.4
50.4
49.6
49.6
48.8
48.8
48.0
48.0
47.199999999999996
47.199999999999996
46.4
46.4
45.60000000000001
45.60000000000001
44.800000000000004
44.800000000000004
44.0
44.0
43.2
43.2
42.400000000000006
42.400000000000006
42.400000000000006
41.6
41.6
40.8
40.8
40.0
40.0
39.2
39.2
38.4
38.4
37.6
36.800000000000004
36.800000000000004
36.800000000000004
36.0
36.0
35.2
35.2
34.4
34.4
33.6
33.6
32.800000000000004
32.800000000000004
32.800000000000004
32.0
31.200000000000003
30.4
30.4
30.4
29.6
29.6
28.799999999999997
28.000000000000004
28.000000000000004
28.000000000000004
27.200000000000003
26.400000000000002
26.400000000000002
26.400000000000002
25.6
24.8
24.8
24.8
24.0
24.0
23.2
23.2
22.400000000000002
22.400000000000002
21.6
20.8
20.8
20.0
20.0
19.2
19.2
19.2
18.400000000000002
17.6
16.0
12.8
9.6
6.4
2.4
4.0
7.199999999999999
10.4
13.600000000000001
16.8
20.0
24.0
27.200000000000003
31.200000000000003
34.4
38.4
41.6
44.800000000000004
48.8
46.4
43.2
40.0
36.800000000000004
33.6
30.4
26.400000000000002
23.2
20.0
16.0
12.8
8.8
5.6000000000000005
2.4
4.8
8.0
11.200000000000001
14.399999999999999
17.6
21.6
24.8
28.000000000000004
32.0
35.2
38.4
42.400000000000006
45.60000000000001
49.6
45.60000000000001
43.2
40.0
36.0
32.800000000000004
29.6
25.6
22.400000000000002
19.2
15.2
12.0
8.8
4.8
2.4
5.6000000000000005
8.8
12.0
15.2
18.400000000000002
22.400000000000002
25.6
28.799999999999997
32.800000000000004
36.0
39.2
43.2
46.4
48.0
44.800000000000004
42.400000000000006
38.4
35.2
32.0
28.799999999999997
24.8
21.6
18.400000000000002
14.399999999999999
11.200000000000001
8.0
4.0
3.2
6.4
9.6
12.8
16.0
19.2
23.2
26.400000000000002
29.6
33.6
36.800000000000004
40.0
43.2
47.199999999999996
48.0
44.0
41.6
38.4
34.4
31.200000000000003
28.000000000000004
24.8
20.8
17.6
13.600000000000001
10.4
7.199999999999999
3.2
4.0
7.199999999999999
10.4
13.600000000000001
16.8
20.0
24.0
27.200000000000003
30.4
34.4
37.6
41.6
44.800000000000004
48.0
47.199999999999996
44.0
40.8
36.800000000000004
34.4
30.4
27.200000000000003
24.0
20.0
16.8
12.8
9.6
6.4
2.4
4.8
7.199999999999999
11.200000000000001
14.399999999999999
17.6
20.8
24.8
28.000000000000004
32.0
35.2
38.4
41.6
45.60000000000001
49.6
46.4
43.2
40.0
36.800000000000004
33.6
30.4
26.400000000000002
22.400000000000002
20.0
16.0
12.0
8.0
5.6000000000000005
2.4
4.8
8.0
11.200000000000001
15.2
18.400000000000002
21.6
24.8
28.000000000000004
32.0
35.2
39.2
42.400000000000006
46.4
48.8
45.60000000000001
42.400000000000006
39.2
35.2
32.800000000000004
28.799999999999997
25.6
21.6
18.400000000000002
15.2
11.200000000000001
8.0
4.8
2.4
5.6000000000000005
8.8
12.0
16.0
19.2
22.400000000000002
25.6
29.6
32.800000000000004
36.0
40.0
43.2
47.199999999999996
48.0
44.800000000000004
41.6
38.4
35.2
31.200000000000003
28.000000000000004
24.8
20.8
17.6
14.399999999999999
11.200000000000001
7.199999999999999
3.2
3.2
6.4
9.6
12.8
16.8
20.0
23.2
26.400000000000002
30.4
33.6
37.6
40.8
44.0
48.0
47.199999999999996
44.0
40.8
37.6
34.4
31.200000000000003
27.200000000000003
24.0
20.8
16.8
13.600000000000001
9.6
6.4
3.2
4.0
7.199999999999999
10.4
13.600000000000001
16.8
20.0
24.0
27.200000000000003
31.200000000000003
34.4
37.6
41.6
44.800000000000004
48.8
46.4
43.2
40.0
36.800000000000004
33.6
30.4
26.400000000000002
23.2
20.0
16.0
12.8
8.8
5.6000000000000005
2.4
4.8
8.0
11.200000000000001
14.399999999999999
17.6
20.8
24.8
28.799999999999997
32.0
35.2
38.4
42.400000000000006
45.60000000000001
48.8
45.60000000000001
43.2
39.2
36.0
32.800000000000004
29.6
25.6
22.400000000000002
19.2
15.2
12.0
8.8
4.8
2.4
5.6000000000000005
8.0
12.0
15.2
19.2
22.400000000000002
25.6
28.799999999999997
32.800000000000004
36.0
39.2
43.2
46.4
48.0
45.60000000000001
42.400000000000006
38.4
35.2
32.0
28.000000000000004
24.8
21.6
18.400000000000002
14.399999999999999
11.200000000000001
7.199999999999999
4.8
3.2
6.4
8.8
12.8
16.0
19.2
23.2
26.400000000000002
29.6
33.6
36.800000000000004
40.0
44.0
47.199999999999996
48.0
44.0
41.6
38.4
35.2
31.200000000000003
28.000000000000004
24.8
20.8
17.6
13.600000000000001
10.4
7.199999999999999
4.0
4.0
6.4
9.6
12.8
16.8
20.0
23.2
27.200000000000003
30.4
34.4
37.6
41.6
44.0
48.0
47.199999999999996
44.0
40.8
37.6
34.4
30.4
27.200000000000003
24.0
20.0
16.8
12.8
9.6
6.4
2.4
4.8
7.199999999999999
10.4
14.399999999999999
17.6
20.8
24.8
28.000000000000004
31.200000000000003
35.2
38.4
41.6
45.60000000000001
48.8
46.4
43.2
40.0
36.800000000000004
33.6
29.6
26.400000000000002
22.400000000000002
19.2
16.0
12.0
8.8
5.6000000000000005
2.4
4.8
8.0
11.200000000000001
14.399999999999999
18.400000000000002
21.6
24.8
28.000000000000004
32.0
35.2
39.2
43.2
45.60000000000001
48.8
45.60000000000001
42.400000000000006
39.2
36.0
32.800000000000004
28.799999999999997
25.6
22.400000000000002
18.400000000000002
15.2
12.0
8.0
4.8
2.4
5.6000000000000005
8.8
12.8
16.0
19.2
22.400000000000002
25.6
28.799999999999997
32.800000000000004
36.0
40.0
43.2
47.199999999999996
48.0
44.800000000000004
41.6
38.4
35.2
32.0
28.000000000000004
24.8
21.6
17.6
14.399999999999999
11.200000000000001
7.199999999999999
4.0
3.2
6.4
9.6
12.8
16.0
20.0
23.2
26.400000000000002
30.4
34.4
36.800000000000004
40.8
44.0
48.0
47.199999999999996
44.0
40.8
37.6
34.4
31.200000000000003
27.200000000000003
24.0
20.8
16.8
13.600000000000001
9.6
6.4
3.2
4.0
7.199999999999999
10.4
13.600000000000001
17.6
20.0
24.0
27.200000000000003
31.200000000000003
34.4
37.6
41.6
44.800000000000004
48.8
46.4
43.2
40.8
36.800000000000004
33.6
30.4
27.200000000000003
23.2
20.0
16.8
12.8
9.6
5.6000000000000005
2.4
4.8
8.0
11.200000000000001
14.399999999999999
17.6
20.8
24.8
28.000000000000004
32.0
35.2
38.4
42.400000000000006
45.60000000000001
48.8
46.4
43.2
40.0
36.0
32.800000000000004
29.6
25.6
22.400000000000002
19.2
16.0
12.0
8.0
4.8
2.4
5.6000000000000005
8.8
12.0
15.2
18.400000000000002
21.6
24.8
28.799999999999997
32.0
36.0
39.2
43.2
46.4
48.8
44.800000000000004
42.400000000000006
39.2
35.2
32.800000000000004
28.799999999999997
24.8
21.6
18.400000000000002
15.2
11.200000000000001
7.199999999999999
4.0
3.2
6.4
9.6
12.8
16.0
19.2
22.400000000000002
25.6
29.6
33.6
36.0
40.0
43.2
47.199999999999996
48.0
44.800000000000004
41.6
37.6
34.4
31.200000000000003
28.000000000000004
24.8
20.8
17.6
13.600000000000001
10.4
7.199999999999999
3.2
3.2
6.4
10.4
13.600000000000001
16.8
20.0
23.2
27.200000000000003
30.4
34.4
37.6
40.8
44.0
48.0
47.199999999999996
44.0
40.8
37.6
34.4
31.200000000000003
27.200000000000003
24.0
20.0
16.8
12.8
9.6
5.6000000000000005
2.4
4.0
7.199999999999999
10.4
14.399999999999999
17.6
20.8
24.8
28.000000000000004
31.200000000000003
34.4
38.4
41.6
44.800000000000004
48.8
46.4
43.2
40.0
36.800000000000004
33.6
29.6
26.400000000000002
23.2
19.2
16.0
12.8
8.8
5.6000000000000005
2.4
4.8
8.0
11.200000000000001
15.2
18.400000000000002
21.6
24.8
28.000000000000004
32.0
35.2
39.2
42.400000000000006
46.4
48.8
45.60000000000001
42.400000000000006
39.2
36.0
32.800000000000004
28.799999999999997
25.6
22.400000000000002
18.400000000000002
15.2
12.0
8.0
4.8
2.4
5.6000000000000005
8.8
12.0
15.2
19.2
22.400000000000002
25.6
29.6
32.800000000000004
36.0
40.0
43.2
46.4
48.0
44.800000000000004
42.400000000000006
38.4
35.2
32.0
28.000000000000004
24.8
21.6
17.6
14.399999999999999
11.200000000000001
7.199999999999999
4.0
3.2
6.4
9.6
12.8
16.0
20.0
23.2
26.400000000000002
29.6
33.6
36.800000000000004
40.8
44.0
48.0
48.0
44.0
40.8
37.6
34.4
31.200000000000003
28.000000000000004
24.0
20.8
16.8
13.600000000000001
10.4
6.4
3.2
4.0
7.199999999999999
10.4
13.600000000000001
16.8
20.0
24.0
27.200000000000003
31.200000000000003
34.4
37.6
41.6
44.800000000000004
48.8
46.4
43.2
40.8
36.800000000000004
34.4
30.4
27.200000000000003
23.2
20.0
16.0
12.8
9.6
5.6000000000000005
2.4
4.8
7.199999999999999
11.200000000000001
14.399999999999999
17.6
20.8
24.8
28.000000000000004
31.200000000000003
35.2
38.4
42.400000000000006
45.60000000000001
49.6
46.4
43.2
40.0
36.0
32.800000000000004
29.6
25.6
22.400000000000002
19.2
16.0
12.0
8.0
4.8
2.4
4.8
8.8
12.0
15.2
18.400000000000002
22.400000000000002
25.6
28.799999999999997
32.800000000000004
36.0
39.2
43.2
46.4
48.8
44.800000000000004
42.400000000000006
39.2
35.2
32.800000000000004
28.799999999999997
25.6
21.6
18.400000000000002
14.399999999999999
11.200000000000001
7.199999999999999
4.8
3.2
5.6000000000000005
9.6
12.8
16.0
19.2
22.400000000000002
26.400000000000002
29.6
32.800000000000004
36.800000000000004
40.0
43.2
47.199999999999996
48.0
44.800000000000004
41.6
38.4
35.2
32.0
28.000000000000004
24.8
20.8
17.6
14.399999999999999
10.4
7.199999999999999
4.0
3.2
6.4
9.6
12.8
16.8
20.0
23.2
26.400000000000002
30.4
34.4
37.6
40.8
44.800000000000004
48.0
47.199999999999996
44.0
40.8
37.6
34.4
31.200000000000003
27.200000000000003
23.2
20.0
16.8
13.600000000000001
9.6
6.4
3.2
4.8
7.199999999999999
10.4
13.600000000000001
16.8
20.8
24.8
28.000000000000004
31.200000000000003
34.4
38.4
41.6
45.60000000000001
48.8
46.4
43.2
40.0
36.800000000000004
33.6
29.6
26.400000000000002
23.2
19.2
16.0
12.0
8.8
5.6000000000000005
2.4
4.8
8.0
12.0
15.2
18.400000000000002
21.6
24.8
28.000000000000004
32.0
35.2
39.2
42.400000000000006
45.60000000000001
48.8
45.60000000000001
42.400000000000006
39.2
35.2
32.800000000000004
28.799999999999997
25.6
22.400000000000002
18.400000000000002
15.2
12.0
8.0
4.8
2.4
5.6000000000000005
8.8
12.0
15.2
19.2
22.400000000000002
25.6
28.799999999999997
32.800000000000004
36.0
40.0
43.2
46.4
48.0
44.800000000000004
41.6
38.4
35.2
32.0
28.000000000000004
24.8
21.6
17.6
14.399999999999999
11.200000000000001
7.199999999999999
4.0
3.2
6.4
9.6
12.8
16.0
20.0
23.2
26.400000000000002
30.4
33.6
36.800000000000004
40.8
44.0
47.199999999999996
47.199999999999996
44.0
41.6
37.6
34.4
30.4
28.000000000000004
24.0
20.8
17.6
13.600000000000001
10.4
7.199999999999999
3.2
4.0
7.199999999999999
10.4
13.600000000000001
16.8
20.8
24.0
27.200000000000003
30.4
34.4
37.6
40.8
44.800000000000004
48.0
46.4
43.2
40.0
37.6
33.6
30.4
27.200000000000003
23.2
20.0
16.0
12.8
9.6
5.6000000000000005
2.4
4.8
7.199999999999999
11.200000000000001
14.399999999999999
17.6
20.8
24.8
28.000000000000004
32.0
35.2
38.4
41.6
45.60000000000001
49.6
45.60000000000001
43.2
39.2
36.0
32.800000000000004
29.6
25.6
22.400000000000002
19.2
16.0
12.0
8.8
4.8
2.4
4.8
8.0
11.200000000000001
15.2
18.400000000000002
22.400000000000002
24.8
28.799999999999997
32.0
36.0
39.2
43.2
46.4
48.0
45.60000000000001
42.400000000000006
39.2
36.0
32.800000000000004
28.799999999999997
25.6
21.6
18.400000000000002
15.2
11.200000000000001
8.0
4.0
3.2
5.6000000000000005
9.6
12.8
16.0
19.2
22.400000000000002
26.400000000000002
29.6
32.800000000000004
36.0
40.0
43.2
47.199999999999996
48.0
44.800000000000004
41.6
37.6
35.2
32.0
28.000000000000004
24.8
20.8
17.6
14.399999999999999
10.4
7.199999999999999
4.0
3.2
6.4
9.6
13.600000000000001
16.8
20.0
23.2
27.200000000000003
30.4
34.4
36.800000000000004
41.6
44.0
48.0
47.199999999999996
44.0
40.8
36.800000000000004
34.4
31.200000000000003
27.200000000000003
24.0
20.8
16.8
13.600000000000001
9.6
6.4
3.2
4.0
7.199999999999999
10.4
13.600000000000001
17.6
20.0
24.0
28.000000000000004
31.200000000000003
34.4
38.4
41.6
44.800000000000004
48.8
46.4
43.2
40.0
36.0
33.6
30.4
26.400000000000002
23.2
19.2
16.0
12.8
8.8
5.6000000000000005
1.6
4.8
8.0
11.200000000000001
15.2
17.6
21.6
24.8
28.000000000000004
32.0
35.2
38.4
42.400000000000006
45.60000000000001
48.8
45.60000000000001
43.2
39.2
36.0
32.800000000000004
28.799999999999997
25.6
22.400000000000002
19.2
15.2
12.0
8.8
4.8
2.4
5.6000000000000005
8.8
12.0
15.2
18.400000000000002
22.400000000000002
25.6
28.799999999999997
32.800000000000004
36.0
40.0
43.2
46.4
48.0
44.800000000000004
42.400000000000006
38.4
35.2
32.0
28.000000000000004
24.8
21.6
18.400000000000002
14.399999999999999
11.200000000000001
7.199999999999999
4.0
3.2
6.4
9.6
12.8
16.0
19.2
23.2
26.400000000000002
29.6
33.6
36.800000000000004
40.0
44.0
48.0
47.199999999999996
44.0
40.8
37.6
34.4
31.200000000000003
28.000000000000004
24.0
20.8
