24.48
24.48
24.48
24.48
24.48
24.48
24.48
24.48
24.48
24.48
24.48
24.48
24.48
24.48
24.48
24.48
24.48
24.48
24.48
24.48
24.48
24.48
24.48
24.48
24.48
24.48
24.48
24.48
24.48
24.48
24.48
24.48
24.48
24.48
24.48
24.48
24.48
24.48
24.48
24.48
24.48
24.48
24.48
24.48
24.48
24.48
24.48
24.48
24.48
24.48
24.48
24.48
24.48
24.48
24.48
24.48
24.48
24.48
24.48
24.48
24.48
24.48
24.48
24.48
24.48
24.48
24.48
24.48
24.48
24.48
24.48
24.48
24.48
24.48
24.48
24.48
24.48
24.48
24.48
24.48
24.48
24.48
24.48
24.48
24.48
24.48
24.48
24.48
24.48
24.48
24.48
24.48
24.48
24.48
24.48
24.48
24.48
24.48
24.48
24.48
24.48
24.48
24.48
24.48
24.48
24.48
24.48
24.48
24.48
24.48
24.48
24.48
24.48
24.48
24.48
24.48
24.48
24.48
24.48
24.48
24.48
24.48
24.48
24.48
24.48
24.48
24.48
24.48
24.48
24.48
24.48
24.48
24.48
24.48
24.48
24.48
24.48
24.48
24.48
24.48
24.48
24.48
24.48
24.48
24.48
24.48
24.48
24.48
24.48
24.48
24.48
24.48
24.48
24.48
24.48
24.48
24.48
24.48
24.48
24.48
24.48
24.48
24.48
24.48
24.48
24.48
24.48
24.48
24.48
24.48
24.48
35.199999999999996
35.44
35.36
35.60000000000001
35.60000000000001
35.28
35.36
35.44
35.199999999999996
35.36
35.36
35.199999999999996
35.44
35.68
35.28
35.199999999999996
35.44
35.199999999999996
35.44
35.199999999999996
35.12
35.519999999999996
35.519999999999996
35.28
35.199999999999996
35.28
35.199999999999996
35.44
35.04
35.12
35.60000000000001
35.44
35.199999999999996
35.28
35.199999999999996
35.12
35.36
34.96000000000001
35.199999999999996
35.44
35.44
35.28
35.12
35.28
35.04
35.199999999999996
34.96000000000001
35.199999999999996
35.44
35.36
35.28
35.28
35.199999999999996
35.199999999999996
35.36
34.96000000000001
35.199999999999996
35.36
35.28
35.44
35.199999999999996
35.199999999999996
35.12
35.28
34.8
35.04
35.36
35.28
35.199999999999996
35.28
35.199999999999996
35.04
35.28
34.8
35.04
35.28
35.28
35.12
35.12
35.199999999999996
34.96000000000001
35.12
34.8
35.04
35.28
35.199999999999996
35.12
34.96000000000001
35.199999999999996
34.879999999999995
35.199999999999996
34.64
34.879999999999995
35.199999999999996
35.199999999999996
35.04
34.879999999999995
34.96000000000001
34.879999999999995
35.04
34.879999999999995
34.8
35.12
35.28
34.879999999999995
34.879999999999995
35.04
34.879999999999995
34.96000000000001
34.879999999999995
34.8
35.04
35.28
34.879999999999995
35.12
35.12
34.72
34.879999999999995
34.96000000000001
34.879999999999995
35.12
35.12
34.879999999999995
34.96000000000001
35.04
34.96000000000001
34.72
35.04
34.879999999999995
35.12
35.199999999999996
34.879999999999995
35.04
34.96000000000001
34.879999999999995
34.8
34.879999999999995
35.04
35.12
35.12
34.879999999999995
34.96000000000001
34.879999999999995
35.04
34.8
34.96000000000001
35.04
35.12
35.12
34.96000000000001
35.04
34.879999999999995
35.04
34.64
34.8
35.199999999999996
35.199999999999996
35.04
34.879999999999995
35.04
34.8
34.879999999999995
34.8
34.72
35.04
35.12
35.04
34.879999999999995
34.96000000000001
34.8
34.96000000000001
34.879999999999995
34.8
34.96000000000001
35.199999999999996
34.879999999999995
34.96000000000001
34.96000000000001
34.8
34.8
34.879999999999995
34.96000000000001
35.04
35.28
34.8
34.96000000000001
35.04
35.04
34.72
34.96000000000001
35.04
35.04
35.12
34.8
34.96000000000001
34.879999999999995
35.12
34.8
34.8
35.04
35.12
35.12
34.879999999999995
34.879999999999995
34.8
35.04
34.72
34.879999999999995
35.12
35.28
35.04
34.96000000000001
34.96000000000001
34.879999999999995
35.12
34.64
34.8
35.199999999999996
35.199999999999996
34.879999999999995
34.879999999999995
34.879999999999995
34.8
34.879999999999995
34.8
34.8
35.12
35.36
34.96000000000001
34.879999999999995
34.96000000000001
34.72
34.879999999999995
34.96000000000001
34.879999999999995
34.96000000000001
35.199999999999996
34.8
35.04
35.04
34.879999999999995
34.72
34.96000000000001
35.04
35.04
35.12
34.879999999999995
34.96000000000001
35.04
34.96000000000001
34.72
34.879999999999995
34.879999999999995
35.12
35.12
34.879999999999995
34.879999999999995
34.8
35.12
34.8
34.879999999999995
35.04
35.12
35.12
34.96000000000001
34.879999999999995
34.879999999999995
35.04
34.72
34.879999999999995
35.04
35.12
34.879999999999995
34.879999999999995
34.96000000000001
34.879999999999995
35.04
34.8
34.8
35.12
35.199999999999996
34.96000000000001
34.879999999999995
35.12
34.8
34.8
34.879999999999995
34.72
34.879999999999995
35.12
34.8
34.879999999999995
35.12
34.8
34.72
34.96000000000001
34.96000000000001
35.04
35.12
34.879999999999995
34.879999999999995
34.96000000000001
35.04
34.64
34.8
35.04
35.04
35.199999999999996
34.879999999999995
34.879999999999995
34.879999999999995
35.04
34.72
34.879999999999995
35.12
34.96000000000001
35.04
34.96000000000001
34.96000000000001
34.8
34.879999999999995
34.64
34.72
35.12
35.28
34.96000000000001
34.8
34.96000000000001
34.879999999999995
34.879999999999995
34.72
34.72
34.96000000000001
35.199999999999996
34.96000000000001
34.879999999999995
34.96000000000001
34.72
34.8
34.879999999999995
34.879999999999995
35.12
35.12
34.8
34.96000000000001
34.96000000000001
34.879999999999995
34.8
34.56
35.199999999999996
35.519999999999996
35.519999999999996
35.28
35.44
35.60000000000001
35.68
35.36
35.519999999999996
35.68
35.92
35.92
35.76
35.839999999999996
35.76
35.68
36.0
35.60000000000001
35.839999999999996
36.16
36.16
36.16
35.839999999999996
36.08
36.08
36.0
36.24000000000001
36.0
36.16
36.4
36.4
36.56
36.4
36.24000000000001
36.4
36.32
36.56
36.24000000000001
36.56
36.4
36.8
36.64
36.879999999999995
36.4
36.64
36.72
36.56
36.96
36.48
36.879999999999995
36.72
37.199999999999996
37.12
37.199999999999996
36.8
36.879999999999995
37.04
36.96
37.12
36.96
36.72
37.199999999999996
37.28
37.28
37.519999999999996
37.28
37.199999999999996
37.36
37.199999999999996
37.36
37.519999999999996
37.12
37.36
37.44
37.519999999999996
37.76
37.839999999999996
37.519999999999996
37.44
37.6
37.44
37.6
37.839999999999996
37.36
37.44
37.76
37.76
37.839999999999996
38.0
37.92
37.44
37.76
37.839999999999996
37.76
37.68
37.839999999999996
37.519999999999996
37.839999999999996
37.76
38.24
38.16
38.08
37.92
38.0
37.92
38.0
38.0
38.24
37.76
37.92
38.0
38.16
38.24
38.32
38.32
37.92
38.0
38.16
38.24
38.08
38.24
37.839999999999996
38.16
38.24
38.32
38.24
38.56
38.48
38.0
38.08
38.16
38.4
38.16
38.4
38.0
38.4
38.32
38.56
38.4
38.56
38.72
38.32
38.24
38.32
38.48
38.32
38.56
38.08
38.16
38.48
38.56
38.56
38.56
38.56
38.32
38.56
38.48
38.4
38.32
38.64
38.48
38.24
38.4
38.48
38.8
38.8
38.8
38.32
38.32
38.56
38.64
38.56
38.24
38.64
38.4
38.72
38.4
38.64
38.72
38.879999999999995
38.72
38.4
38.4
38.4
38.72
38.56
38.8
38.32
38.24
38.72
38.72
38.879999999999995
38.8
38.8
38.64
38.64
38.56
38.56
38.48
38.4
38.8
38.48
38.72
38.56
38.8
38.8
39.04
38.879999999999995
38.56
38.56
38.72
38.72
38.56
38.879999999999995
38.48
38.24
38.56
38.64
38.96
38.96
38.879999999999995
38.48
38.56
38.64
38.72
38.64
38.48
38.72
38.48
38.8
38.64
38.879999999999995
38.72
38.879999999999995
38.879999999999995
38.56
38.64
38.72
38.64
38.56
38.8
38.64
38.4
38.56
38.56
38.96
38.96
38.879999999999995
38.8
38.48
38.64
38.72
38.8
38.64
38.8
38.32
38.56
38.8
38.879999999999995
38.96
38.879999999999995
38.8
38.56
38.8
38.72
38.8
38.64
38.48
38.879999999999995
38.48
38.879999999999995
38.64
38.72
38.72
38.96
38.879999999999995
38.56
38.64
38.72
38.72
38.8
38.96
38.56
38.48
38.64
38.72
39.12
39.04
39.04
38.72
38.48
38.72
38.72
38.72
38.48
38.879999999999995
38.48
38.72
38.8
38.8
38.879999999999995
38.96
38.879999999999995
38.72
38.64
38.8
38.72
38.56
38.72
38.8
38.56
38.8
38.56
38.8
38.8
39.04
38.879999999999995
38.64
38.56
38.72
38.8
38.64
38.96
38.4
38.4
38.72
38.8
38.96
38.879999999999995
38.96
38.48
38.56
38.8
38.8
38.64
38.4
38.8
38.56
38.879999999999995
38.72
38.8
38.72
38.96
38.96
38.56
38.64
38.72
38.64
38.64
38.8
38.72
38.4
38.64
38.56
38.96
38.96
39.12
38.8
38.4
38.64
38.64
38.879999999999995
38.64
38.879999999999995
38.24
38.64
38.72
38.879999999999995
38.96
38.879999999999995
38.879999999999995
38.48
38.72
38.72
38.72
38.56
38.56
38.8
38.48
38.8
38.56
38.8
38.879999999999995
39.12
38.879999999999995
38.48
38.64
38.56
38.8
38.56
38.96
38.48
38.48
38.72
38.879999999999995
39.04
39.04
38.879999999999995
38.56
38.48
38.72
38.8
38.64
38.4
38.64
38.4
38.72
38.8
38.879999999999995
38.879999999999995
38.8
38.879999999999995
38.64
38.72
38.64
38.56
38.56
38.8
38.72
38.64
38.8
38.48
38.96
38.879999999999995
39.04
38.8
38.4
38.56
38.8
38.8
38.64
38.879999999999995
38.32
38.56
38.8
38.879999999999995
38.96
38.879999999999995
38.8
38.64
38.72
38.8
38.64
38.56
38.48
38.8
38.56
38.879999999999995
38.64
38.879999999999995
38.8
38.96
38.8
38.56
38.72
38.56
38.72
38.64
39.04
38.48
38.48
38.64
38.72
39.12
38.879999999999995
39.12
38.72
38.4
38.64
38.72
38.8
38.56
38.72
38.4
38.72
38.72
38.8
38.879999999999995
38.879999999999995
38.879999999999995
38.64
38.8
38.72
38.64
38.56
38.72
38.64
38.48
38.8
38.4
38.8
38.879999999999995
39.04
38.879999999999995
38.48
38.56
38.96
39.2
38.8
39.12
38.48
38.56
38.879999999999995
38.879999999999995
38.8
38.879999999999995
38.64
38.4
38.24
38.4
38.4
38.16
38.24
37.92
38.08
37.92
38.24
38.24
38.08
37.68
37.68
37.76
37.76
37.44
37.68
37.28
37.44
37.6
37.6
37.6
37.6
37.199999999999996
37.28
37.199999999999996
37.04
37.28
36.96
37.199999999999996
37.12
37.28
37.199999999999996
37.04
36.72
36.96
36.8
36.8
36.8
36.64
36.8
36.8
36.8
36.96
36.56
36.48
36.48
36.4
36.56
36.32
36.56
36.24000000000001
36.64
36.64
36.56
36.24000000000001
36.32
36.4
35.92
36.24000000000001
36.08
36.16
36.32
36.32
36.32
36.0
36.08
36.16
35.92
36.08
35.92
35.92
36.32
36.32
36.08
35.839999999999996
35.839999999999996
35.839999999999996
36.08
35.519999999999996
35.92
35.76
36.08
36.24000000000001
35.76
35.60000000000001
35.839999999999996
35.60000000000001
35.92
35.519999999999996
35.60000000000001
35.92
35.76
35.839999999999996
35.519999999999996
35.68
35.68
35.519999999999996
35.60000000000001
35.68
35.519999999999996
35.839999999999996
35.839999999999996
35.519999999999996
35.36
35.68
35.44
35.519999999999996
35.28
35.60000000000001
35.92
35.76
35.839999999999996
35.519999999999996
35.519999999999996
35.60000000000001
35.68
35.44
35.60000000000001
35.60000000000001
35.68
35.68
35.28
35.28
35.44
35.28
35.12
35.28
35.199999999999996
35.44
35.519999999999996
35.28
35.28
35.36
35.28
35.28
35.199999999999996
35.12
35.44
35.519999999999996
35.199999999999996
35.12
35.28
35.199999999999996
35.36
35.04
35.199999999999996
35.36
35.44
35.28
35.12
35.12
35.12
35.28
34.96000000000001
35.12
35.44
35.36
35.12
35.199999999999996
35.12
35.04
35.28
34.879999999999995
35.04
35.44
35.28
35.12
35.199999999999996
35.28
34.96000000000001
35.199999999999996
34.879999999999995
34.879999999999995
35.28
35.28
35.199999999999996
35.04
35.12
34.96000000000001
35.199999999999996
34.72
34.96000000000001
35.199999999999996
35.199999999999996
34.96000000000001
35.04
35.12
34.879999999999995
35.12
34.8
34.8
35.28
35.36
35.04
34.879999999999995
34.96000000000001
34.96000000000001
35.199999999999996
34.8
34.72
35.199999999999996
35.28
35.199999999999996
34.879999999999995
35.04
34.8
35.04
34.8
34.879999999999995
35.04
35.28
35.04
35.12
35.04
34.72
34.879999999999995
34.8
34.96000000000001
35.04
35.199999999999996
34.8
34.96000000000001
35.04
34.96000000000001
34.8
34.879999999999995
34.879999999999995
35.12
35.12
34.8
34.96000000000001
34.96000000000001
34.96000000000001
34.64
34.879999999999995
34.96000000000001
35.12
35.12
34.879999999999995
34.96000000000001
34.879999999999995
35.12
34.8
34.8
35.12
35.12
34.96000000000001
34.879999999999995
34.879999999999995
34.8
34.96000000000001
34.72
34.8
35.12
35.199999999999996
34.879999999999995
34.8
35.04
34.8
34.96000000000001
34.72
34.8
35.04
35.28
34.879999999999995
34.879999999999995
34.96000000000001
34.72
34.8
34.96000000000001
34.8
34.879999999999995
35.199999999999996
34.8
34.879999999999995
34.96000000000001
34.96000000000001
34.72
34.879999999999995
34.879999999999995
35.12
35.04
34.8
34.879999999999995
34.8
34.96000000000001
34.72
34.8
35.04
35.12
34.96000000000001
34.8
34.8
34.72
34.879999999999995
34.64
34.879999999999995
34.96000000000001
35.04
34.96000000000001
34.72
34.8
34.72
34.879999999999995
34.72
34.72
34.96000000000001
35.199999999999996
34.8
34.8
34.96000000000001
34.8
34.64
34.879999999999995
34.879999999999995
34.96000000000001
35.04
34.72
34.72
34.96000000000001
34.879999999999995
34.72
34.8
35.04
35.04
35.04
34.96000000000001
34.72
34.72
34.879999999999995
34.64
34.8
34.96000000000001
34.96000000000001
34.879999999999995
34.8
34.879999999999995
34.72
34.879999999999995
34.64
34.64
35.04
35.12
34.8
34.8
34.8
34.8
34.8
34.879999999999995
34.72
34.96000000000001
35.12
34.8
34.8
34.8
34.8
34.64
34.8
34.879999999999995
34.879999999999995
35.04
34.8
34.8
34.8
34.96000000000001
34.64
34.72
35.12
34.96000000000001
34.879999999999995
34.879999999999995
34.879999999999995
34.64
34.879999999999995
34.64
34.56
34.879999999999995
35.12
34.72
34.8
34.879999999999995
34.64
34.72
34.8
34.8
34.879999999999995
35.04
34.72
34.879999999999995
34.879999999999995
34.8
34.8
34.72
34.879999999999995
34.879999999999995
35.04
34.8
34.8
34.64
35.04
34.64
34.8
35.04
35.04
34.879999999999995
34.72
34.879999999999995
34.8
34.8
34.64
34.72
35.04
35.12
34.8
34.8
34.96000000000001
34.48
34.64
34.879999999999995
34.8
35.12
35.04
34.72
34.8
34.8
34.879999999999995
34.64
34.8
34.96000000000001
35.04
35.04
34.879999999999995
34.8
34.64
34.96000000000001
34.56
34.72
35.12
35.04
34.8
34.8
34.8
34.72
34.96000000000001
34.72
34.64
34.879999999999995
35.12
34.8
34.72
35.04
34.64
34.72
34.72
34.8
34.96000000000001
35.12
34.64
34.879999999999995
34.96000000000001
34.96000000000001
34.64
34.879999999999995
34.879999999999995
34.96000000000001
35.12
34.8
34.8
34.72
34.96000000000001
34.56
34.72
34.96000000000001
34.96000000000001
34.8
34.8
34.96000000000001
34.72
34.8
34.64
34.72
34.96000000000001
35.12
34.8
34.8
34.879999999999995
34.64
34.64
34.879999999999995
34.8
34.8
35.12
35.12
35.28
35.36
35.60000000000001
35.28
35.44
35.68
35.76
35.839999999999996
35.60000000000001
35.60000000000001
35.68
35.519999999999996
35.68
35.60000000000001
35.60000000000001
36.08
36.0
36.08
35.92
35.76
36.0
35.92
35.68
35.839999999999996
35.76
36.4
36.24000000000001
36.32
36.16
36.32
36.32
36.16
36.48
36.24000000000001
36.4
36.64
36.56
36.64
36.48
36.48
36.56
36.56
36.48
36.72
36.48
36.64
36.96
36.879999999999995
37.12
36.8
36.72
36.879999999999995
36.96
36.72
37.12
36.64
36.96
37.12
37.28
37.28
37.28
36.879999999999995
37.199999999999996
37.199999999999996
37.12
37.36
37.12
37.199999999999996
37.28
37.6
37.519999999999996
37.76
37.36
37.36
37.519999999999996
37.519999999999996
37.519999999999996
37.68
37.36
37.36
37.6
37.76
37.68
37.839999999999996
37.839999999999996
37.44
37.76
37.68
37.68
37.6
37.839999999999996
37.519999999999996
37.68
37.839999999999996
38.0
38.0
38.08
37.839999999999996
37.92
37.839999999999996
38.0
37.839999999999996
38.16
37.68
37.92
38.08
38.24
38.0
38.4
38.32
37.76
37.839999999999996
38.16
38.24
37.92
38.16
38.0
38.32
38.0
38.24
38.32
38.48
38.16
37.92
38.16
38.32
38.24
38.0
38.32
38.0
38.32
38.16
38.48
38.56
38.56
38.4
37.92
38.16
38.4
38.4
38.08
38.4
38.16
38.4
38.4
38.48
38.48
38.8
38.64
38.24
38.16
38.32
38.48
38.4
38.72
38.0
38.32
38.64
38.56
38.72
38.56
38.64
38.32
38.48
38.56
38.24
38.4
38.72
38.4
38.24
38.48
38.48
38.879999999999995
38.72
38.879999999999995
38.56
38.48
38.64
38.48
38.56
38.32
38.56
38.4
38.64
38.48
38.8
38.56
38.72
38.96
38.4
38.56
38.48
38.64
38.48
38.8
38.48
38.4
38.56
38.56
38.96
38.879999999999995
38.8
38.4
38.56
38.72
38.72
38.56
38.32
38.72
38.32
38.64
38.56
38.879999999999995
38.64
38.8
38.879999999999995
38.56
38.64
38.56
38.56
38.56
38.8
38.48
38.32
38.64
38.56
38.96
38.96
38.96
38.56
38.4
38.64
38.56
38.8
38.4
38.72
38.32
38.64
38.72
38.72
38.64
38.8
38.879999999999995
38.56
38.72
38.72
38.56
38.48
38.72
38.56
38.48
38.64
38.4
38.879999999999995
38.96
38.96
38.8
38.48
38.48
38.64
38.8
38.56
38.879999999999995
38.32
38.48
38.72
38.8
38.879999999999995
38.8
38.8
38.72
38.72
38.8
38.72
38.56
38.56
38.8
38.48
38.8
38.64
38.8
38.8
38.879999999999995
38.96
38.64
38.56
38.64
38.8
38.72
38.879999999999995
38.56
38.48
38.64
38.56
38.96
38.96
39.04
38.72
38.48
38.72
38.72
38.8
38.48
38.8
38.4
38.64
38.8
38.879999999999995
38.879999999999995
38.8
38.72
38.64
38.72
38.8
38.72
38.56
38.72
38.8
38.64
38.8
38.48
38.8
38.8
38.879999999999995
38.96
38.64
38.64
38.64
38.879999999999995
38.72
38.96
38.48
38.32
38.72
38.72
38.96
38.879999999999995
39.04
38.64
38.4
38.72
38.72
38.72
38.48
38.8
38.56
38.8
38.48
38.879999999999995
38.879999999999995
38.8
38.96
38.56
38.72
38.72
38.72
38.48
38.64
38.72
38.48
38.8
38.48
38.8
38.879999999999995
39.04
38.879999999999995
38.64
38.48
38.72
38.879999999999995
38.64
38.879999999999995
38.48
38.32
38.64
38.8
39.04
38.96
38.8
38.48
38.56
38.8
38.8
38.64
38.4
38.72
38.56
38.8
38.64
38.8
38.72
38.8
38.8
38.48
38.56
38.64
38.56
38.64
38.8
38.64
38.48
38.64
38.56
39.12
38.96
39.04
38.8
38.32
38.56
38.8
38.8
38.48
38.8
38.4
38.64
38.72
38.8
38.879999999999995
38.8
38.879999999999995
38.64
38.64
38.64
38.64
38.48
38.72
38.72
38.48
38.879999999999995
38.56
38.72
38.879999999999995
39.04
38.879999999999995
38.64
38.56
38.56
38.879999999999995
38.56
38.879999999999995
38.48
38.4
38.72
38.8
38.879999999999995
38.96
38.879999999999995
38.48
38.56
38.72
38.56
38.56
38.4
38.8
38.48
38.8
38.64
38.879999999999995
38.8
38.879999999999995
38.879999999999995
38.56
38.56
38.56
38.56
38.64
38.8
38.64
38.48
38.72
38.56
38.96
38.8
38.879999999999995
38.72
38.4
38.64
38.72
38.8
38.48
38.72
38.32
38.72
38.8
38.879999999999995
38.8
38.8
38.8
38.64
38.8
38.72
38.48
38.48
38.72
38.72
38.879999999999995
39.04
38.8
39.2
39.04
39.12
38.64
38.56
38.56
38.56
38.24
38.32
38.32
38.0
38.08
38.24
38.32
38.24
38.24
37.839999999999996
37.68
37.92
37.839999999999996
37.44
37.68
37.36
37.519999999999996
37.68
37.68
37.839999999999996
37.6
37.199999999999996
37.44
37.36
37.28
37.36
36.96
37.28
36.96
37.36
37.12
37.199999999999996
36.8
36.96
36.96
36.8
36.96
36.64
36.879999999999995
36.96
36.96
37.04
36.8
36.64
36.64
36.72
36.4
36.48
36.32
36.64
36.72
36.72
36.64
36.56
36.48
36.4
36.32
36.4
36.16
36.24000000000001
36.4
36.4
36.48
36.16
36.08
36.24000000000001
36.16
36.24000000000001
35.839999999999996
36.16
36.32
36.24000000000001
36.48
36.0
35.839999999999996
36.08
35.92
36.16
35.68
35.92
36.08
36.24000000000001
36.08
35.839999999999996
35.92
35.76
35.68
35.92
35.60000000000001
35.76
36.08
36.0
36.08
35.60000000000001
35.68
35.68
35.76
35.36
35.60000000000001
35.60000000000001
35.68
36.08
35.68
35.519999999999996
35.60000000000001
35.519999999999996
35.76
35.44
35.519999999999996
35.839999999999996
35.68
35.76
35.44
35.60000000000001
35.519999999999996
35.60000000000001
35.28
35.519999999999996
35.519999999999996
35.60000000000001
35.76
35.36
35.44
35.36
35.28
35.44
35.28
35.28
35.60000000000001
35.68
35.519999999999996
35.44
35.44
35.28
35.519999999999996
35.04
35.28
35.60000000000001
35.519999999999996
35.60000000000001
35.28
35.28
35.12
35.44
35.12
35.28
35.519999999999996
35.44
35.60000000000001
35.12
35.28
35.36
35.28
34.96000000000001
35.28
35.28
35.36
35.44
35.04
35.28
35.36
35.12
35.04
35.28
35.12
35.36
35.44
35.04
35.199999999999996
35.36
34.96000000000001
35.04
35.36
34.96000000000001
35.199999999999996
35.36
35.04
35.12
35.12
34.96000000000001
35.04
35.12
35.04
35.199999999999996
35.36
35.04
35.12
35.199999999999996
34.8
35.12
35.04
34.96000000000001
35.199999999999996
35.28
35.12
35.04
35.199999999999996
34.879999999999995
34.96000000000001
35.04
34.96000000000001
35.04
35.36
35.04
35.04
35.199999999999996
34.8
34.96000000000001
35.12
34.96000000000001
35.199999999999996
35.28
34.879999999999995
35.12
35.12
34.96000000000001
34.8
34.96000000000001
34.879999999999995
35.12
35.28
34.96000000000001
35.12
35.12
35.04
34.8
34.96000000000001
34.96000000000001
35.199999999999996
35.199999999999996
34.879999999999995
35.04
35.04
35.04
34.879999999999995
34.879999999999995
35.12
35.199999999999996
35.199999999999996
34.96000000000001
35.04
34.96000000000001
35.199999999999996
34.8
34.8
35.04
35.04
35.12
35.04
35.04
34.879999999999995
35.12
34.879999999999995
34.879999999999995
35.12
35.199999999999996
35.12
34.879999999999995
35.199999999999996
34.879999999999995
35.199999999999996
34.8
34.879999999999995
35.12
35.199999999999996
34.879999999999995
34.8
35.04
34.8
35.04
34.879999999999995
34.72
35.04
35.28
34.96000000000001
34.879999999999995
34.96000000000001
34.8
34.879999999999995
34.879999999999995
34.8
35.04
35.199999999999996
34.879999999999995
35.04
35.04
34.8
34.72
34.8
34.879999999999995
35.04
35.199999999999996
34.8
34.96000000000001
34.96000000000001
34.96000000000001
34.72
34.879999999999995
35.04
35.12
35.12
35.04
35.04
34.879999999999995
35.12
34.72
34.8
35.199999999999996
35.04
35.04
35.04
35.04
34.8
34.96000000000001
34.72
34.879999999999995
35.12
35.199999999999996
34.96000000000001
34.8
34.96000000000001
34.8
35.04
34.879999999999995
34.879999999999995
35.12
35.28
34.879999999999995
34.96000000000001
35.12
34.8
34.879999999999995
34.96000000000001
34.8
35.12
35.199999999999996
34.879999999999995
34.96000000000001
35.12
35.04
34.8
34.879999999999995
35.04
35.28
35.199999999999996
34.879999999999995
34.96000000000001
34.879999999999995
35.28
34.72
34.96000000000001
35.12
35.12
34.96000000000001
34.96000000000001
34.96000000000001
34.8
34.96000000000001
34.56
34.8
35.12
35.199999999999996
35.04
34.8
35.12
34.879999999999995
35.04
34.8
34.8
35.04
35.28
35.04
35.04
35.04
34.8
34.879999999999995
34.879999999999995
34.96000000000001
35.12
35.28
34.8
34.96000000000001
35.12
34.96000000000001
34.8
34.879999999999995
35.04
35.12
35.199999999999996
34.8
34.879999999999995
34.8
35.12
34.8
24.48
24.48
24.48
24.48
24.48
24.48
24.48
24.48
24.48
24.48
24.48
24.48
24.48
24.48
24.48
24.48
24.48
24.48
24.48
24.48
24.48
24.48
24.48
24.48
24.48
24.48
24.48
24.48
24.48
24.48
24.48
24.48
24.48
24.48
24.48
24.48
24.48
24.48
24.48
24.48
24.48
24.48
24.48
24.48
24.48
24.48
24.48
24.48
24.48
24.48
24.48
24.48
24.48
24.48
24.48
24.48
24.48
24.48
24.48
24.48
24.48
24.48
24.48
24.48
24.48
24.48
24.48
24.48
24.48
24.48
24.48
24.48
24.48
24.48
24.48
24.48
24.48
24.48
24.48
