15.2
16.8
19.2
20.8
22.400000000000002
24.8
26.400000000000002
28.799999999999997
30.4
32.800000000000004
34.4
36.0
38.4
40.8
42.400000000000006
44.0
46.4
48.8
48.8
47.199999999999996
45.60000000000001
44.0
42.400000000000006
40.0
38.4
36.800000000000004
34.4
32.800000000000004
30.4
28.000000000000004
26.400000000000002
24.8
22.400000000000002
20.8
19.2
16.8
15.2
12.8
10.4
8.8
7.199999999999999
4.8
3.2
2.4
4.0
5.6000000000000005
7.199999999999999
8.8
11.200000000000001
12.8
15.2
16.8
18.400000000000002
20.8
22.400000000000002
24.8
26.400000000000002
28.799999999999997
30.4
32.800000000000004
34.4
36.0
38.4
40.0
42.400000000000006
44.0
46.4
48.0
48.8
47.199999999999996
45.60000000000001
44.0
41.6
40.0
38.4
36.0
34.4
32.800000000000004
30.4
28.799999999999997
26.400000000000002
24.8
22.400000000000002
20.8
18.400000000000002
16.8
14.399999999999999
12.8
11.200000000000001
8.8
7.199999999999999
4.8
2.4
1.6
4.0
5.6000000000000005
7.199999999999999
8.8
11.200000000000001
12.8
15.2
16.8
18.400000000000002
20.8
22.400000000000002
24.8
26.400000000000002
28.000000000000004
30.4
32.800000000000004
34.4
36.0
38.4
40.0
42.400000000000006
44.0
46.4
48.0
48.8
47.199999999999996
44.800000000000004
43.2
42.400000000000006
40.0
38.4
36.0
34.4
32.800000000000004
30.4
28.000000000000004
26.400000000000002
24.8
22.400000000000002
20.8
18.400000000000002
16.8
14.399999999999999
12.8
10.4
8.8
7.199999999999999
4.8
3.2
2.4
4.0
5.6000000000000005
7.199999999999999
9.6
11.200000000000001
12.8
15.2
16.8
19.2
20.8
22.400000000000002
24.8
26.400000000000002
28.799999999999997
30.4
32.800000000000004
34.4
36.0
38.4
40.0
42.400000000000006
44.0
46.4
48.0
48.8
47.199999999999996
45.60000000000001
43.2
42.400000000000006
40.0
37.6
36.0
34.4
32.0
30.4
28.000000000000004
26.400000000000002
24.8
22.400000000000002
20.0
19.2
16.8
15.2
12.8
11.200000000000001
8.8
6.4
4.8
3.2
2.4
4.0
5.6000000000000005
7.199999999999999
8.8
11.200000000000001
12.8
15.2
16.8
18.400000000000002
20.8
22.400000000000002
24.0
26.400000000000002
28.000000000000004
30.4
32.0
34.4
36.0
38.4
40.0
42.400000000000006
44.0
46.4
48.0
48.8
47.199999999999996
45.60000000000001
43.2
41.6
40.0
38.4
36.0
34.4
32.0
30.4
28.799999999999997
26.400000000000002
24.8
22.400000000000002
20.8
18.400000000000002
16.8
14.399999999999999
12.8
10.4
8.0
6.4
4.8
2.4
2.4
4.0
5.6000000000000005
7.199999999999999
9.6
11.200000000000001
12.8
15.2
16.8
18.400000000000002
20.8
22.400000000000002
24.8
26.400000000000002
28.799999999999997
30.4
32.0
34.4
36.0
38.4
40.8
42.400000000000006
44.0
46.4
48.0
48.8
47.199999999999996
45.60000000000001
43.2
41.6
40.0
38.4
36.0
34.4
32.800000000000004
30.4
28.000000000000004
26.400000000000002
24.8
22.400000000000002
20.8
18.400000000000002
16.8
14.399999999999999
12.8
10.4
8.8
6.4
4.8
2.4
2.4
4.0
5.6000000000000005
7.199999999999999
8.8
11.200000000000001
12.8
15.2
16.8
18.400000000000002
20.8
22.400000000000002
24.8
26.400000000000002
28.000000000000004
30.4
32.800000000000004
34.4
36.0
38.4
40.8
42.400000000000006
44.0
46.4
48.0
48.8
47.199999999999996
45.60000000000001
43.2
42.400000000000006
40.0
37.6
36.0
34.4
32.800000000000004
30.4
28.000000000000004
26.400000000000002
24.8
22.400000000000002
20.0
18.400000000000002
16.8
15.2
12.8
10.4
8.8
7.199999999999999
4.8
2.4
2.4
4.0
5.6000000000000005
7.199999999999999
8.8
11.200000000000001
12.8
15.2
16.8
18.400000000000002
20.8
22.400000000000002
24.8
26.400000000000002
28.000000000000004
30.4
32.800000000000004
34.4
36.0
37.6
40.0
42.400000000000006
44.0
46.4
48.0
48.8
47.199999999999996
45.60000000000001
43.2
42.400000000000006
40.0
38.4
36.0
34.4
32.800000000000004
30.4
28.799999999999997
26.400000000000002
24.8
22.400000000000002
20.8
19.2
16.0
14.399999999999999
12.8
10.4
8.8
7.199999999999999
4.8
3.2
2.4
4.0
5.6000000000000005
7.199999999999999
9.6
11.200000000000001
12.8
14.399999999999999
16.8
19.2
20.8
22.400000000000002
24.8
26.400000000000002
28.799999999999997
30.4
32.800000000000004
34.4
36.0
38.4
40.0
42.400000000000006
44.0
46.4
48.8
48.8
47.199999999999996
45.60000000000001
43.2
42.400000000000006
40.0
37.6
36.0
34.4
32.800000000000004
30.4
28.000000000000004
26.400000000000002
24.8
22.400000000000002
20.8
18.400000000000002
16.8
14.399999999999999
12.8
11.200000000000001
8.8
7.199999999999999
4.8
3.2
2.4
4.0
5.6000000000000005
7.199999999999999
8.8
11.200000000000001
12.8
15.2
16.8
19.2
20.0
22.400000000000002
24.8
26.400000000000002
28.799999999999997
30.4
32.800000000000004
34.4
36.800000000000004
37.6
40.8
42.400000000000006
44.0
46.4
48.0
48.8
47.199999999999996
44.800000000000004
43.2
42.400000000000006
40.0
38.4
36.0
34.4
32.0
30.4
28.799999999999997
26.400000000000002
24.8
22.400000000000002
20.8
18.400000000000002
16.8
14.399999999999999
12.8
11.200000000000001
8.8
6.4
4.8
3.2
2.4
4.0
5.6000000000000005
7.199999999999999
8.8
11.200000000000001
12.8
15.2
16.8
19.2
20.8
23.2
24.8
26.400000000000002
28.000000000000004
30.4
32.800000000000004
34.4
36.800000000000004
38.4
40.0
42.400000000000006
44.0
46.4
48.8
48.8
47.199999999999996
45.60000000000001
43.2
41.6
40.0
38.4
36.0
34.4
32.0
30.4
28.799999999999997
26.400000000000002
24.8
23.2
20.0
19.2
16.8
14.399999999999999
12.8
10.4
8.8
7.199999999999999
4.8
2.4
1.6
4.0
5.6000000000000005
7.199999999999999
8.8
11.200000000000001
12.8
15.2
16.8
18.400000000000002
20.0
22.400000000000002
24.8
26.400000000000002
28.799999999999997
30.4
32.800000000000004
34.4
36.0
38.4
40.0
42.400000000000006
44.0
46.4
48.0
49.6
47.199999999999996
45.60000000000001
43.2
41.6
40.0
38.4
35.2
34.4
32.800000000000004
30.4
28.799999999999997
26.400000000000002
24.8
23.2
20.0
19.2
16.8
14.399999999999999
12.8
10.4
8.8
7.199999999999999
4.8
2.4
2.4
4.0
5.6000000000000005
7.199999999999999
8.8
11.200000000000001
12.8
15.2
16.8
18.400000000000002
20.8
22.400000000000002
24.8
26.400000000000002
28.799999999999997
30.4
32.800000000000004
34.4
36.0
38.4
40.8
42.400000000000006
44.0
46.4
48.0
48.8
47.199999999999996
45.60000000000001
43.2
41.6
40.0
38.4
36.0
34.4
32.0
30.4
28.000000000000004
26.400000000000002
24.8
22.400000000000002
20.0
18.400000000000002
16.8
14.399999999999999
12.8
10.4
8.8
7.199999999999999
4.8
3.2
2.4
4.0
5.6000000000000005
7.199999999999999
9.6
11.200000000000001
12.8
15.2
16.8
19.2
20.8
22.400000000000002
24.8
26.400000000000002
28.799999999999997
30.4
32.800000000000004
34.4
36.800000000000004
38.4
40.0
42.400000000000006
44.0
46.4
48.0
48.8
47.199999999999996
44.800000000000004
43.2
41.6
40.0
38.4
36.0
34.4
32.800000000000004
30.4
28.000000000000004
26.400000000000002
24.8
22.400000000000002
20.8
18.400000000000002
16.8
15.2
12.8
10.4
8.8
7.199999999999999
4.8
3.2
1.6
4.0
5.6000000000000005
7.199999999999999
9.6
11.200000000000001
12.8
15.2
16.8
19.2
20.8
22.400000000000002
24.8
26.400000000000002
28.799999999999997
30.4
32.800000000000004
34.4
36.0
38.4
40.0
42.400000000000006
44.0
46.4
48.8
48.8
47.199999999999996
45.60000000000001
43.2
41.6
40.0
37.6
36.0
34.4
32.800000000000004
30.4
28.799999999999997
26.400000000000002
24.8
22.400000000000002
20.8
18.400000000000002
16.8
14.399999999999999
12.8
10.4
8.8
7.199999999999999
4.8
3.2
2.4
4.0
5.6000000000000005
7.199999999999999
8.8
11.200000000000001
12.8
15.2
16.8
18.400000000000002
20.8
23.2
24.8
26.400000000000002
28.799999999999997
30.4
32.800000000000004
34.4
36.0
38.4
40.8
42.400000000000006
44.0
46.4
48.8
48.8
46.4
45.60000000000001
43.2
41.6
40.0
37.6
36.0
34.4
32.0
30.4
28.000000000000004
26.400000000000002
24.0
22.400000000000002
20.8
18.400000000000002
16.8
15.2
12.0
11.200000000000001
8.8
6.4
4.8
2.4
2.4
4.0
5.6000000000000005
7.199999999999999
8.8
11.200000000000001
12.8
14.399999999999999
16.8
19.2
20.8
22.400000000000002
24.8
26.400000000000002
28.000000000000004
30.4
32.800000000000004
34.4
36.800000000000004
38.4
40.0
42.400000000000006
44.0
46.4
48.0
48.8
47.199999999999996
44.800000000000004
43.2
41.6
40.0
38.4
36.0
34.4
32.0
30.4
28.000000000000004
26.400000000000002
24.8
23.2
20.0
18.400000000000002
16.8
14.399999999999999
12.8
10.4
8.8
7.199999999999999
4.8
2.4
2.4
4.0
5.6000000000000005
7.199999999999999
8.8
11.200000000000001
12.8
15.2
16.8
19.2
20.8
22.400000000000002
24.8
26.400000000000002
28.799999999999997
31.200000000000003
32.0
34.4
36.0
38.4
40.8
42.400000000000006
44.0
46.4
48.0
48.8
47.199999999999996
44.800000000000004
43.2
41.6
40.0
37.6
36.0
34.4
32.800000000000004
30.4
28.000000000000004
26.400000000000002
24.8
22.400000000000002
20.8
18.400000000000002
16.8
14.399999999999999
12.8
10.4
8.8
7.199999999999999
4.8
2.4
2.4
4.0
5.6000000000000005
7.199999999999999
8.8
11.200000000000001
12.8
15.2
16.8
18.400000000000002
20.8
23.2
24.8
26.400000000000002
28.799999999999997
30.4
32.800000000000004
34.4
36.0
38.4
40.8
42.400000000000006
44.0
45.60000000000001
48.0
48.8
47.199999999999996
44.800000000000004
43.2
42.400000000000006
40.0
37.6
36.0
34.4
32.0
30.4
28.000000000000004
26.400000000000002
24.8
22.400000000000002
20.0
18.400000000000002
16.8
14.399999999999999
12.8
10.4
8.8
6.4
4.8
3.2
2.4
4.0
5.6000000000000005
7.199999999999999
8.8
11.200000000000001
13.600000000000001
15.2
16.8
19.2
20.8
22.400000000000002
24.8
26.400000000000002
28.000000000000004
30.4
32.800000000000004
34.4
36.0
38.4
40.8
42.400000000000006
44.0
46.4
48.0
48.8
47.199999999999996
45.60000000000001
43.2
42.400000000000006
40.0
37.6
36.0
34.4
32.0
30.4
28.000000000000004
26.400000000000002
24.8
22.400000000000002
20.8
18.400000000000002
16.8
14.399999999999999
12.8
10.4
8.8
6.4
4.8
3.2
2.4
4.0
5.6000000000000005
7.199999999999999
9.6
11.200000000000001
12.8
15.2
16.8
19.2
20.8
23.2
24.8
26.400000000000002
28.799999999999997
30.4
32.800000000000004
34.4
36.0
38.4
40.0
42.400000000000006
44.0
45.60000000000001
48.0
48.8
47.199999999999996
44.800000000000004
43.2
41.6
40.0
37.6
36.0
34.4
32.0
30.4
28.000000000000004
26.400000000000002
24.8
22.400000000000002
20.8
18.400000000000002
16.8
14.399999999999999
12.8
11.200000000000001
8.8
7.199999999999999
4.8
3.2
2.4
4.0
5.6000000000000005
7.199999999999999
8.8
11.200000000000001
12.8
15.2
16.8
19.2
20.0
23.2
24.8
26.400000000000002
28.799999999999997
30.4
32.800000000000004
34.4
36.0
38.4
40.8
42.400000000000006
44.0
46.4
48.8
48.8
47.199999999999996
44.800000000000004
43.2
41.6
40.0
38.4
36.0
34.4
32.0
30.4
28.000000000000004
26.400000000000002
24.8
22.400000000000002
20.0
18.400000000000002
16.8
15.2
12.8
10.4
8.8
6.4
4.8
3.2
2.4
4.0
5.6000000000000005
7.199999999999999
9.6
11.200000000000001
12.8
15.2
16.8
19.2
20.8
22.400000000000002
24.8
26.400000000000002
28.799999999999997
30.4
32.800000000000004
34.4
36.0
38.4
40.8
42.400000000000006
44.0
46.4
48.8
48.8
47.199999999999996
45.60000000000001
43.2
41.6
40.0
37.6
36.0
34.4
32.0
30.4
28.799999999999997
26.400000000000002
24.8
22.400000000000002
20.8
18.400000000000002
16.8
14.399999999999999
12.8
10.4
8.8
6.4
4.8
3.2
2.4
4.0
5.6000000000000005
7.199999999999999
9.6
11.200000000000001
12.8
15.2
16.8
19.2
20.8
22.400000000000002
24.8
26.400000000000002
28.799999999999997
30.4
32.800000000000004
34.4
36.0
38.4
40.8
42.400000000000006
44.800000000000004
46.4
48.8
48.8
47.199999999999996
44.800000000000004
43.2
41.6
40.0
38.4
36.0
34.4
32.0
30.4
28.000000000000004
26.400000000000002
24.8
22.400000000000002
20.8
18.400000000000002
16.8
14.399999999999999
12.8
10.4
8.8
6.4
4.8
2.4
2.4
4.0
5.6000000000000005
7.199999999999999
9.6
11.200000000000001
12.8
15.2
16.8
19.2
20.8
23.2
24.8
26.400000000000002
28.799999999999997
30.4
32.800000000000004
34.4
36.800000000000004
38.4
40.8
42.400000000000006
44.0
46.4
48.8
48.8
47.199999999999996
45.60000000000001
43.2
42.400000000000006
40.0
37.6
36.0
34.4
32.0
30.4
28.799999999999997
26.400000000000002
24.8
22.400000000000002
20.0
18.400000000000002
16.0
14.399999999999999
12.8
11.200000000000001
8.8
6.4
4.8
2.4
2.4
4.0
5.6000000000000005
7.199999999999999
8.8
11.200000000000001
12.8
18.400000000000002
24.0
29.6
35.2
41.6
47.199999999999996
44.800000000000004
40.0
34.4
28.000000000000004
23.2
16.8
11.200000000000001
5.6000000000000005
4.0
9.6
15.2
20.0
25.6
32.0
37.6
43.2
48.0
43.2
37.6
32.800000000000004
26.400000000000002
20.8
15.2
9.6
4.0
6.4
11.200000000000001
16.8
22.400000000000002
28.000000000000004
34.4
40.0
45.60000000000001
46.4
41.6
36.0
30.4
24.8
19.2
13.600000000000001
8.0
2.4
8.0
12.8
18.400000000000002
24.0
29.6
35.2
41.6
47.199999999999996
44.800000000000004
40.0
34.4
28.799999999999997
23.2
17.6
12.0
5.6000000000000005
4.0
9.6
15.2
20.0
26.400000000000002
32.0
37.6
43.2
48.8
43.2
37.6
32.800000000000004
27.200000000000003
20.8
15.2
9.6
4.0
6.4
12.0
16.8
22.400000000000002
28.000000000000004
34.4
40.0
45.60000000000001
47.199999999999996
41.6
36.0
30.4
24.8
19.2
13.600000000000001
7.199999999999999
2.4
7.199999999999999
12.8
18.400000000000002
24.0
29.6
35.2
41.6
47.199999999999996
44.800000000000004
40.0
34.4
28.799999999999997
23.2
17.6
11.200000000000001
5.6000000000000005
4.0
9.6
15.2
20.8
25.6
32.0
37.6
43.2
48.0
43.2
37.6
32.800000000000004
27.200000000000003
20.8
15.2
9.6
4.0
5.6000000000000005
11.200000000000001
16.8
22.400000000000002
28.000000000000004
34.4
39.2
45.60000000000001
46.4
41.6
36.0
30.4
24.8
19.2
13.600000000000001
7.199999999999999
2.4
8.0
13.600000000000001
19.2
24.0
29.6
35.2
41.6
47.199999999999996
44.800000000000004
40.0
34.4
28.799999999999997
23.2
16.8
12.0
5.6000000000000005
4.0
9.6
15.2
20.0
26.400000000000002
32.0
37.6
43.2
48.8
43.2
37.6
32.800000000000004
26.400000000000002
20.8
15.2
9.6
4.0
5.6000000000000005
11.200000000000001
16.8
22.400000000000002
28.000000000000004
34.4
40.0
44.800000000000004
46.4
41.6
36.0
30.4
24.8
19.2
13.600000000000001
8.0
2.4
8.0
13.600000000000001
18.400000000000002
24.8
29.6
35.2
41.6
47.199999999999996
44.800000000000004
40.0
34.4
28.000000000000004
23.2
16.8
11.200000000000001
5.6000000000000005
4.8
9.6
15.2
20.0
26.400000000000002
32.0
37.6
43.2
48.8
43.2
37.6
32.800000000000004
26.400000000000002
20.8
15.2
9.6
4.0
5.6000000000000005
11.200000000000001
16.8
22.400000000000002
28.000000000000004
33.6
40.0
45.60000000000001
46.4
41.6
36.0
31.200000000000003
24.8
19.2
13.600000000000001
7.199999999999999
3.2
7.199999999999999
12.8
18.400000000000002
24.8
29.6
35.2
41.6
47.199999999999996
44.800000000000004
40.0
34.4
28.799999999999997
23.2
17.6
12.0
5.6000000000000005
4.8
9.6
15.2
20.8
26.400000000000002
32.0
37.6
43.2
48.8
43.2
37.6
32.800000000000004
27.200000000000003
20.8
15.2
9.6
4.0
5.6000000000000005
12.0
16.8
22.400000000000002
28.000000000000004
34.4
40.0
45.60000000000001
46.4
41.6
36.0
31.200000000000003
24.8
19.2
13.600000000000001
7.199999999999999
2.4
7.199999999999999
12.8
18.400000000000002
24.0
30.4
35.2
41.6
47.199999999999996
44.800000000000004
40.0
34.4
28.799999999999997
23.2
17.6
12.0
5.6000000000000005
4.0
9.6
15.2
20.0
26.400000000000002
32.0
37.6
43.2
48.8
43.2
37.6
32.800000000000004
27.200000000000003
20.8
15.2
9.6
4.0
5.6000000000000005
11.200000000000001
16.8
22.400000000000002
28.000000000000004
34.4
39.2
44.800000000000004
46.4
41.6
36.0
30.4
24.8
19.2
13.600000000000001
7.199999999999999
2.4
7.199999999999999
12.8
18.400000000000002
24.8
29.6
35.2
41.6
47.199999999999996
44.800000000000004
40.0
34.4
28.799999999999997
23.2
17.6
12.0
5.6000000000000005
4.8
9.6
15.2
20.0
26.400000000000002
32.0
37.6
43.2
48.8
43.2
37.6
32.800000000000004
27.200000000000003
20.8
15.2
9.6
4.0
6.4
11.200000000000001
16.8
22.400000000000002
28.000000000000004
33.6
39.2
44.800000000000004
47.199999999999996
42.400000000000006
36.0
31.200000000000003
24.8
19.2
13.600000000000001
8.0
2.4
8.0
13.600000000000001
18.400000000000002
24.8
29.6
35.2
41.6
47.199999999999996
44.800000000000004
40.0
34.4
28.799999999999997
23.2
17.6
12.0
5.6000000000000005
4.0
9.6
15.2
20.0
26.400000000000002
32.0
36.800000000000004
43.2
48.8
43.2
38.4
32.800000000000004
27.200000000000003
20.8
16.0
9.6
4.0
6.4
11.200000000000001
16.8
22.400000000000002
28.000000000000004
34.4
39.2
45.60000000000001
47.199999999999996
41.6
36.0
30.4
24.8
19.2
13.600000000000001
8.0
2.4
7.199999999999999
12.8
19.2
24.8
29.6
36.0
41.6
47.199999999999996
44.800000000000004
40.0
34.4
28.799999999999997
23.2
17.6
12.0
5.6000000000000005
4.8
8.8
15.2
20.8
26.400000000000002
32.0
37.6
43.2
48.8
43.2
38.4
32.800000000000004
26.400000000000002
20.8
16.0
9.6
4.0
5.6000000000000005
11.200000000000001
16.8
22.400000000000002
28.000000000000004
34.4
40.0
44.800000000000004
46.4
41.6
36.0
30.4
24.8
19.2
13.600000000000001
7.199999999999999
2.4
7.199999999999999
12.8
18.400000000000002
24.8
29.6
35.2
41.6
47.199999999999996
44.800000000000004
40.0
34.4
28.799999999999997
22.400000000000002
17.6
12.0
5.6000000000000005
4.0
9.6
15.2
20.0
26.400000000000002
32.0
37.6
43.2
48.8
43.2
37.6
32.800000000000004
27.200000000000003
20.8
15.2
9.6
4.0
5.6000000000000005
11.200000000000001
16.8
22.400000000000002
28.000000000000004
34.4
40.0
45.60000000000001
46.4
41.6
36.0
30.4
24.8
19.2
13.600000000000001
8.0
3.2
7.199999999999999
12.8
18.400000000000002
24.0
30.4
35.2
41.6
47.199999999999996
44.800000000000004
40.0
34.4
28.799999999999997
23.2
17.6
11.200000000000001
5.6000000000000005
4.8
9.6
15.2
20.8
25.6
32.0
37.6
43.2
48.8
43.2
38.4
32.800000000000004
26.400000000000002
21.6
15.2
9.6
4.0
5.6000000000000005
11.200000000000001
16.8
22.400000000000002
28.000000000000004
33.6
39.2
44.800000000000004
47.199999999999996
41.6
36.0
31.200000000000003
24.8
19.2
13.600000000000001
8.0
2.4
7.199999999999999
12.8
19.2
24.0
29.6
35.2
41.6
47.199999999999996
44.800000000000004
40.0
34.4
28.799999999999997
23.2
16.8
12.0
5.6000000000000005
4.0
9.6
15.2
20.0
26.400000000000002
32.0
37.6
43.2
48.8
43.2
38.4
32.800000000000004
27.200000000000003
20.8
16.0
9.6
4.0
5.6000000000000005
11.200000000000001
16.8
22.400000000000002
28.000000000000004
33.6
39.2
45.60000000000001
46.4
41.6
36.0
30.4
24.8
19.2
13.600000000000001
8.0
2.4
8.0
12.8
18.400000000000002
24.8
29.6
35.2
41.6
47.199999999999996
44.800000000000004
40.0
34.4
28.799999999999997
23.2
17.6
12.0
5.6000000000000005
4.0
9.6
15.2
20.0
25.6
32.0
37.6
43.2
48.8
43.2
38.4
32.800000000000004
26.400000000000002
20.8
15.2
9.6
4.0
5.6000000000000005
11.200000000000001
16.8
22.400000000000002
28.000000000000004
34.4
39.2
45.60000000000001
46.4
42.400000000000006
36.0
30.4
24.8
19.2
13.600000000000001
7.199999999999999
2.4
8.0
12.8
18.400000000000002
24.0
29.6
35.2
41.6
47.199999999999996
45.60000000000001
40.0
34.4
28.799999999999997
23.2
16.8
12.0
5.6000000000000005
4.8
9.6
15.2
20.0
26.400000000000002
32.0
37.6
43.2
48.8
43.2
38.4
32.800000000000004
26.400000000000002
20.8
15.2
10.4
4.0
6.4
12.0
16.8
22.400000000000002
28.000000000000004
33.6
39.2
44.800000000000004
46.4
41.6
36.0
30.4
24.8
19.2
13.600000000000001
7.199999999999999
2.4
7.199999999999999
12.8
18.400000000000002
24.8
30.4
35.2
41.6
47.199999999999996
45.60000000000001
40.0
34.4
28.799999999999997
23.2
16.8
11.200000000000001
5.6000000000000005
4.0
9.6
15.2
20.0
26.400000000000002
32.0
37.6
43.2
48.8
43.2
37.6
32.800000000000004
26.400000000000002
20.8
15.2
9.6
4.0
5.6000000000000005
11.200000000000001
16.8
22.400000000000002
28.000000000000004
33.6
39.2
45.60000000000001
46.4
41.6
36.0
30.4
24.8
20.0
13.600000000000001
8.0
2.4
7.199999999999999
12.8
18.400000000000002
24.0
29.6
35.2
41.6
47.199999999999996
44.800000000000004
40.0
34.4
28.799999999999997
23.2
17.6
12.0
5.6000000000000005
4.8
9.6
15.2
20.0
25.6
32.0
37.6
43.2
48.8
43.2
37.6
32.800000000000004
27.200000000000003
20.8
15.2
9.6
4.0
5.6000000000000005
11.200000000000001
16.8
22.400000000000002
28.000000000000004
33.6
40.0
45.60000000000001
47.199999999999996
41.6
36.0
30.4
24.8
19.2
13.600000000000001
8.0
3.2
7.199999999999999
12.8
18.400000000000002
24.0
29.6
35.2
41.6
47.199999999999996
44.800000000000004
40.0
34.4
28.799999999999997
23.2
17.6
11.200000000000001
5.6000000000000005
4.8
9.6
14.399999999999999
20.0
26.400000000000002
32.0
37.6
43.2
48.8
43.2
37.6
32.800000000000004
27.200000000000003
21.6
15.2
9.6
4.0
5.6000000000000005
11.200000000000001
16.8
22.400000000000002
27.200000000000003
33.6
39.2
44.800000000000004
47.199999999999996
41.6
36.0
30.4
24.8
19.2
13.600000000000001
7.199999999999999
2.4
7.199999999999999
12.8
18.400000000000002
24.0
29.6
35.2
41.6
47.199999999999996
45.60000000000001
40.0
34.4
28.799999999999997
23.2
17.6
12.0
5.6000000000000005
4.0
9.6
15.2
20.0
26.400000000000002
32.0
37.6
43.2
48.0
43.2
37.6
32.800000000000004
26.400000000000002
20.8
16.0
9.6
4.0
5.6000000000000005
11.200000000000001
16.8
22.400000000000002
28.000000000000004
33.6
39.2
44.800000000000004
47.199999999999996
41.6
36.0
30.4
24.8
19.2
13.600000000000001
8.0
2.4
8.0
12.8
18.400000000000002
24.0
29.6
35.2
41.6
47.199999999999996
44.800000000000004
40.0
34.4
28.799999999999997
23.2
17.6
11.200000000000001
5.6000000000000005
4.0
9.6
15.2
20.8
25.6
32.0
37.6
43.2
48.8
43.2
38.4
32.800000000000004
27.200000000000003
20.8
16.0
9.6
4.0
6.4
11.200000000000001
16.0
22.400000000000002
28.000000000000004
33.6
39.2
44.800000000000004
46.4
41.6
36.800000000000004
31.200000000000003
24.8
19.2
13.600000000000001
8.0
2.4
7.199999999999999
12.8
18.400000000000002
24.0
29.6
35.2
41.6
47.199999999999996
44.800000000000004
40.0
34.4
28.799999999999997
23.2
17.6
12.0
5.6000000000000005
4.0
8.8
15.2
20.8
26.400000000000002
32.0
37.6
43.2
48.8
43.2
38.4
32.800000000000004
27.200000000000003
21.6
16.0
9.6
4.0
5.6000000000000005
11.200000000000001
16.8
22.400000000000002
28.000000000000004
34.4
39.2
45.60000000000001
46.4
41.6
36.0
30.4
24.8
19.2
13.600000000000001
8.0
2.4
7.199999999999999
12.8
18.400000000000002
24.0
30.4
35.2
41.6
47.199999999999996
44.800000000000004
39.2
34.4
28.799999999999997
23.2
17.6
12.0
5.6000000000000005
4.0
9.6
15.2
20.0
26.400000000000002
32.0
37.6
43.2
48.8
43.2
38.4
32.800000000000004
27.200000000000003
20.8
16.0
9.6
4.0
5.6000000000000005
11.200000000000001
16.8
22.400000000000002
28.000000000000004
33.6
39.2
45.60000000000001
46.4
41.6
36.0
30.4
24.8
19.2
13.600000000000001
7.199999999999999
3.2
7.199999999999999
12.8
18.400000000000002
24.0
29.6
35.2
41.6
47.199999999999996
44.800000000000004
40.0
34.4
28.799999999999997
23.2
17.6
12.0
5.6000000000000005
4.8
9.6
15.2
20.8
25.6
32.0
37.6
43.2
48.8
43.2
38.4
32.800000000000004
27.200000000000003
21.6
15.2
9.6
4.0
5.6000000000000005
11.200000000000001
16.8
22.400000000000002
28.000000000000004
33.6
39.2
45.60000000000001
46.4
41.6
36.0
30.4
24.8
19.2
13.600000000000001
7.199999999999999
2.4
7.199999999999999
12.8
18.400000000000002
24.0
29.6
35.2
41.6
47.199999999999996
45.60000000000001
40.0
34.4
28.799999999999997
23.2
17.6
12.0
5.6000000000000005
4.8
9.6
15.2
20.0
25.6
32.0
37.6
43.2
48.8
43.2
38.4
32.800000000000004
27.200000000000003
20.8
16.0
9.6
4.0
5.6000000000000005
11.200000000000001
16.8
22.400000000000002
28.000000000000004
33.6
39.2
44.800000000000004
47.199999999999996
41.6
36.0
30.4
24.8
19.2
13.600000000000001
8.0
2.4
7.199999999999999
12.8
18.400000000000002
24.0
29.6
35.2
41.6
47.199999999999996
44.800000000000004
39.2
34.4
28.799999999999997
23.2
17.6
12.0
5.6000000000000005
4.0
8.8
15.2
20.8
25.6
32.0
37.6
43.2
48.8
43.2
37.6
32.800000000000004
26.400000000000002
20.8
15.2
9.6
4.0
6.4
11.200000000000001
16.8
22.400000000000002
28.000000000000004
34.4
39.2
44.800000000000004
47.199999999999996
41.6
36.0
30.4
24.8
19.2
13.600000000000001
8.0
2.4
8.0
12.8
