-0.010400000000000001
-0.010400000000000001
-0.0108
-0.0108
-0.0108
-0.0108
-0.0108
-0.0108
-0.011200000000000002
-0.011200000000000002
-0.011200000000000002
-0.011200000000000002
-0.011600000000000001
-0.011600000000000001
-0.011600000000000001
-0.011600000000000001
-0.011600000000000001
-0.012
-0.012
-0.012
-0.012
-0.012
-0.012
-0.012
-0.0124
-0.0124
-0.0124
-0.0124
-0.0124
-0.0128
-0.0124
-0.0128
-0.0128
-0.0128
-0.013200000000000002
-0.013200000000000002
-0.013200000000000002
-0.013200000000000002
-0.013200000000000002
-0.013600000000000001
-0.013600000000000001
-0.013600000000000001
-0.013600000000000001
-0.013600000000000001
-0.013600000000000001
-0.014000000000000002
-0.014000000000000002
-0.014000000000000002
-0.014000000000000002
-0.014400000000000001
-0.014000000000000002
-0.014400000000000001
-0.014400000000000001
-0.014400000000000001
-0.014400000000000001
-0.0148
-0.0148
-0.0148
-0.0148
-0.0148
-0.0148
-0.0152
-0.0152
-0.0152
-0.0152
-0.0152
-0.0152
-0.0152
-0.015600000000000001
-0.015600000000000001
-0.015600000000000001
-0.015600000000000001
-0.015600000000000001
-0.016
-0.015600000000000001
-0.016
-0.016
-0.016
-0.0164
-0.016
-0.0164
-0.0164
-0.0164
-0.0164
-0.0164
-0.0164
-0.016800000000000002
-0.016800000000000002
-0.016800000000000002
-0.016800000000000002
-0.016800000000000002
-0.0172
-0.0172
-0.0172
-0.0172
-0.0176
-0.0176
-0.0176
-0.0176
-0.0176
-0.0176
-0.018000000000000002
-0.018000000000000002
-0.018000000000000002
-0.018000000000000002
-0.018000000000000002
-0.018000000000000002
-0.0184
-0.0184
-0.0184
-0.0184
-0.0184
-0.0184
-0.0184
-0.0188
-0.0188
-0.0188
-0.0188
-0.0188
-0.0188
-0.019200000000000002
-0.019200000000000002
-0.019200000000000002
-0.019200000000000002
-0.0196
-0.0196
-0.0196
-0.0196
-0.0196
-0.0196
-0.0196
-0.0196
-0.02
-0.02
-0.02
-0.02
-0.02
-0.02
-0.0204
-0.0204
-0.0204
-0.0204
-0.0204
-0.0204
-0.0204
-0.020800000000000003
-0.020800000000000003
-0.020800000000000003
-0.020800000000000003
-0.020800000000000003
-0.0212
-0.0212
-0.0212
-0.0212
-0.0212
-0.0212
-0.0216
-0.0216
-0.0216
-0.0216
-0.0216
-0.0216
-0.0216
-0.022000000000000002
-0.022000000000000002
-0.022000000000000002
-0.022000000000000002
-0.022000000000000002
-0.022400000000000003
-0.022400000000000003
-0.022400000000000003
-0.022400000000000003
-0.022400000000000003
-0.022400000000000003
-0.022400000000000003
-0.022800000000000004
-0.022800000000000004
-0.022800000000000004
-0.022800000000000004
-0.022800000000000004
-0.022800000000000004
-0.022800000000000004
-0.023200000000000002
-0.023200000000000002
-0.023200000000000002
-0.023200000000000002
-0.023200000000000002
-0.0236
-0.0236
-0.0236
-0.0236
-0.0236
-0.0236
-0.0236
-0.024
-0.024
-0.024
-0.024
-0.024
-0.024
-0.024
-0.0244
-0.0244
-0.0244
-0.0244
-0.0244
-0.0244
-0.0248
-0.0248
-0.0248
-0.0248
-0.0252
-0.0248
-0.0252
-0.0252
-0.0252
-0.0252
-0.0252
-0.0252
-0.0256
-0.0256
-0.0256
-0.0256
-0.0256
-0.0256
-0.026000000000000002
-0.026000000000000002
-0.026000000000000002
-0.026000000000000002
-0.026000000000000002
-0.026000000000000002
-0.026000000000000002
-0.026400000000000003
-0.026400000000000003
-0.026400000000000003
-0.026400000000000003
-0.026400000000000003
-0.026400000000000003
-0.026400000000000003
-0.0268
-0.0268
-0.0268
-0.0268
-0.0268
-0.0268
-0.0268
-0.027200000000000002
-0.027200000000000002
-0.027200000000000002
-0.027200000000000002
-0.027200000000000002
-0.024
-0.020800000000000003
-0.018000000000000002
-0.0152
-0.0124
-0.009600000000000001
-0.0068000000000000005
-0.0044
-0.0016
0.0007999999999999999
0.0036000000000000003
0.006
0.0084
0.01
0.0112
0.0124
0.0128
0.0128
0.0124
0.012
0.0112
0.0108
0.01
0.0096
0.0088
0.0084
0.008
0.0076
0.0072
0.0072
0.0068
0.0064
0.0064
0.006
0.006
0.006
0.006
0.0056
0.0056
0.0056
0.0056
0.0056
0.0056
0.0056
0.0056
0.0056
0.0056
0.006
0.006
0.006
0.006
0.006
0.006
0.006
0.006
0.006
0.006
0.006
0.006
0.006
0.006
0.006
0.006
0.006
0.006
0.006
0.0064
0.006
0.006
0.006
0.006
0.0064
0.006
0.006
0.006
0.006
0.0064
0.0064
0.0064
0.0064
0.0064
0.0064
0.0064
0.0064
0.0064
0.0064
0.0064
0.0064
0.0064
0.0064
0.0064
0.0064
0.0064
0.0064
0.0064
0.0064
0.0064
0.0064
0.0064
0.0064
0.0064
0.0064
0.0064
0.0064
0.0068
0.0064
0.0068
0.0068
0.0064
0.0068
0.0068
0.0068
0.0068
0.0068
0.0068
0.0068
0.0068
0.0068
0.0068
0.0068
0.0068
0.0068
0.0068
0.0068
0.0068
0.0068
0.0068
0.0068
0.0068
0.0068
0.0068
0.0068
0.0068
0.0072
0.0068
0.0072
0.0068
0.0068
0.0068
0.0072
0.0072
0.0072
0.0068
0.0072
0.0072
0.0072
0.0072
0.0072
0.0072
0.0072
0.0072
0.0072
0.0072
0.0072
0.0072
0.0072
0.0072
0.0072
0.0072
0.0072
0.0072
0.0072
0.0072
0.0072
0.0072
0.0072
0.0072
0.0072
0.0072
0.0076
0.0076
0.0076
0.0076
0.0076
0.0076
0.0076
0.0076
0.0076
0.0076
0.0076
0.0076
0.0076
0.0076
0.0076
0.0076
0.0076
0.0076
0.0076
0.0076
0.0076
0.0076
0.008
0.0076
0.0076
0.0076
0.0076
0.0076
0.008
0.008
0.008
0.0076
0.008
0.008
0.008
0.008
0.008
0.008
0.008
0.008
0.008
0.008
0.008
0.008
0.008
0.008
0.008
0.008
0.008
0.008
0.008
0.008
0.008
0.008
0.008
0.008
0.008
0.008
0.008
0.0084
0.008
0.0084
0.008
0.0084
0.0084
0.0084
0.0084
0.0084
0.0084
0.0084
0.0084
0.0084
0.0084
0.0084
0.0084
0.0084
0.0084
0.0084
0.0084
0.0084
0.0084
0.0084
0.0084
0.0088
0.0084
0.0084
0.0084
0.0088
0.0088
0.0084
0.0088
0.0088
0.0088
0.0088
0.0088
0.0088
0.0088
0.0088
0.0088
0.0088
0.0088
0.0088
0.0088
0.0088
0.0088
0.0088
0.0088
0.0088
0.0088
0.0088
0.0088
0.0088
0.0092
0.0088
0.0088
0.0088
0.0092
0.0088
0.0092
0.0092
0.0088
0.0092
0.0092
0.0092
0.0092
0.0092
0.0092
0.0092
0.0092
0.0092
0.0092
0.0092
0.0092
0.0092
0.0092
0.0092
0.0092
0.0092
0.0096
0.0092
0.0096
0.0096
0.0096
0.0092
0.0096
0.0096
0.0096
0.0096
0.0096
0.0096
0.0096
0.0096
0.0096
0.0096
0.0096
0.0096
0.0096
0.0096
0.0096
0.0096
0.0096
0.0096
0.0096
0.0096
0.0096
0.01
0.0096
0.01
0.01
0.01
0.01
0.01
0.01
0.01
0.01
0.01
0.01
0.01
0.01
0.01
0.01
0.01
0.01
0.01
0.01
0.01
0.01
0.01
0.010400000000000001
0.010400000000000001
0.01
0.010400000000000001
0.010400000000000001
0.010400000000000001
0.010400000000000001
0.010400000000000001
0.010400000000000001
0.010400000000000001
0.010400000000000001
0.010400000000000001
0.010400000000000001
0.010400000000000001
0.010400000000000001
0.010400000000000001
0.010400000000000001
0.0108
0.0108
0.0108
0.0108
0.0108
0.0108
0.0108
0.0108
0.0108
0.0108
0.0108
0.0108
0.0108
0.0108
0.0108
0.0108
0.0108
0.0108
0.0112
0.0112
0.0108
0.0108
0.0112
0.0112
0.0112
0.0112
0.0112
0.0112
0.0112
0.0112
0.0112
0.0112
0.0116
0.0112
0.0116
0.0116
0.0116
0.0116
0.0116
0.0116
0.0116
0.0116
0.0116
0.0116
0.0116
0.012
0.0116
0.012
0.012
0.012
0.012
0.012
0.012
0.012
0.012
0.0124
0.0124
0.0124
0.0124
0.0124
0.0124
0.0128
0.0128
0.0128
0.0128
0.0128
0.013200000000000002
0.013200000000000002
0.013200000000000002
0.013200000000000002
0.013200000000000002
0.013600000000000001
0.013600000000000001
0.013600000000000001
0.013600000000000001
0.013600000000000001
0.013600000000000001
0.013999999999999999
0.013999999999999999
0.0144
0.0144
0.0144
0.0144
0.0148
0.0148
0.0148
0.0148
0.0152
0.0152
0.015600000000000001
0.015600000000000001
0.015600000000000001
0.016
0.016
0.016
0.016399999999999998
0.016399999999999998
0.0168
0.0168
0.0172
0.0172
0.0172
0.0176
0.0176
0.0176
0.018000000000000002
0.018000000000000002
0.0184
0.0184
0.0188
0.0188
0.0188
0.0192
0.0192
0.0196
0.0196
0.02
0.02
0.0204
0.020800000000000003
0.020800000000000003
0.020800000000000003
0.0212
0.0212
0.0216
0.0216
0.022000000000000002
0.022400000000000003
0.0212
0.0196
0.0176
0.015600000000000001
0.013600000000000001
0.012
0.010400000000000001
0.0088
0.008
0.0068
0.006
0.0056
0.0048000000000000004
0.0048000000000000004
0.0044
0.0044
0.0044
0.0044
0.0048000000000000004
0.0048000000000000004
0.005200000000000001
0.0056
0.006
0.0064
0.0068
0.0072
0.0076
0.0076
0.008
0.008
0.008
0.008
0.008
0.008
0.008
0.0076
0.0076
0.0072
0.0072
0.0072
0.0072
0.0068
0.0068
0.0068
0.0068
0.0064
0.0064
0.0064
0.0064
0.0064
0.006
0.006
0.006
0.0056
0.0056
0.0056
0.0056
0.0056
0.0056
0.005200000000000001
0.005200000000000001
0.005200000000000001
0.0048000000000000004
0.0048000000000000004
0.0048000000000000004
0.0048000000000000004
0.0048000000000000004
0.0044
0.0044
0.0044
0.0044
0.0044
0.004
0.004
0.004
0.0036000000000000003
0.0036000000000000003
0.0036000000000000003
0.0036000000000000003
0.0036000000000000003
0.0032
0.0032
0.0032
0.0032
0.0028000000000000004
0.0028000000000000004
0.0028000000000000004
0.0028000000000000004
0.0028000000000000004
0.0024000000000000002
0.0024000000000000002
0.0024000000000000002
0.0024000000000000002
0.002
0.002
0.002
0.002
0.002
0.002
0.0016
0.0016
0.0016
0.0016
0.0012
0.0012
0.0012
0.0012
0.0012
0.0007999999999999999
0.0007999999999999999
0.0007999999999999999
0.0004
0.0004
0.0004
0.0004
0.0004
0.0004
0.0
0.0
0.0
0.0
-0.0004
-0.0004
-0.0004
-0.0008
-0.0004
-0.0008
-0.0008
-0.0008
-0.0008
-0.0012
-0.0012
-0.0012
-0.0012
-0.0012
-0.0016
-0.0016
-0.0016
-0.0016
-0.0016
-0.002
-0.002
-0.002
-0.002
-0.0024000000000000002
-0.0024000000000000002
-0.0024000000000000002
-0.0024000000000000002
-0.0028
-0.0024000000000000002
-0.0028
-0.0028
-0.0028
-0.0028
-0.0028
-0.0028
-0.0032
-0.0032
-0.0032
-0.0036
-0.0036
-0.0036
-0.0036
-0.0036
-0.004
-0.004
-0.004
-0.004
-0.004
-0.0044
-0.0044
-0.0044
-0.0044
-0.0048
-0.0048
-0.0048
-0.0048
-0.0048
-0.005200000000000001
-0.005200000000000001
-0.005200000000000001
-0.005200000000000001
-0.005200000000000001
-0.005200000000000001
-0.005600000000000001
-0.005600000000000001
-0.005600000000000001
-0.005600000000000001
-0.006000000000000001
-0.006000000000000001
-0.006000000000000001
-0.006000000000000001
-0.006000000000000001
-0.0064
-0.0064
-0.0064
-0.0064
-0.0064
-0.0068000000000000005
-0.0068000000000000005
-0.0068000000000000005
-0.0068000000000000005
-0.0068000000000000005
-0.007200000000000001
-0.007200000000000001
-0.007200000000000001
-0.007200000000000001
-0.007200000000000001
-0.0076
-0.0076
-0.0076
-0.0076
-0.0076
-0.008
-0.008
-0.008
-0.008
-0.008
-0.008400000000000001
-0.008400000000000001
-0.008400000000000001
-0.008400000000000001
-0.008400000000000001
-0.008400000000000001
-0.0088
-0.0088
-0.0088
-0.0088
-0.0092
-0.0092
-0.0092
-0.0092
-0.0092
-0.009600000000000001
-0.0092
-0.009600000000000001
-0.009600000000000001
-0.009600000000000001
-0.009600000000000001
-0.01
-0.01
-0.01
-0.01
-0.01
-0.010400000000000001
-0.010400000000000001
-0.010400000000000001
-0.010400000000000001
-0.010400000000000001
-0.0108
-0.0108
-0.010400000000000001
-0.0108
-0.0108
-0.0108
-0.011200000000000002
-0.011200000000000002
-0.011200000000000002
-0.011200000000000002
-0.011200000000000002
-0.011200000000000002
-0.011200000000000002
-0.011600000000000001
-0.011600000000000001
-0.011600000000000001
-0.011600000000000001
-0.012
-0.012
-0.012
-0.012
-0.012
-0.0124
-0.0124
-0.0124
-0.0124
-0.0124
-0.0124
-0.0128
-0.0128
-0.0128
-0.0128
-0.0128
-0.013200000000000002
-0.013200000000000002
-0.013200000000000002
-0.013200000000000002
-0.013200000000000002
-0.013200000000000002
-0.013600000000000001
-0.013600000000000001
-0.013600000000000001
-0.013600000000000001
-0.013600000000000001
-0.013600000000000001
-0.014000000000000002
-0.014000000000000002
-0.014000000000000002
-0.014000000000000002
-0.014000000000000002
-0.014400000000000001
-0.014400000000000001
-0.014400000000000001
-0.014400000000000001
-0.014400000000000001
-0.014400000000000001
-0.0148
-0.0148
-0.0148
-0.0148
-0.0148
-0.0152
-0.0152
-0.0152
-0.0152
-0.0152
-0.0152
-0.015600000000000001
-0.015600000000000001
-0.015600000000000001
-0.015600000000000001
-0.016
-0.016
-0.016
-0.016
-0.016
-0.016
-0.016
-0.0164
-0.0164
-0.0164
-0.0164
-0.0164
-0.0164
-0.016800000000000002
-0.016800000000000002
-0.016800000000000002
-0.016800000000000002
-0.016800000000000002
-0.016800000000000002
-0.0172
-0.0172
-0.0172
-0.0172
-0.0172
-0.0172
-0.0176
-0.0176
-0.0176
-0.0176
-0.0176
-0.018000000000000002
-0.018000000000000002
-0.018000000000000002
-0.018000000000000002
-0.018000000000000002
-0.0184
-0.018000000000000002
-0.0184
-0.0184
-0.0184
-0.0184
-0.0188
-0.0188
-0.0188
-0.0188
-0.0188
-0.0188
-0.019200000000000002
-0.019200000000000002
-0.019200000000000002
-0.019200000000000002
-0.019200000000000002
-0.019200000000000002
-0.0196
-0.019200000000000002
-0.0196
-0.0196
-0.0196
-0.0196
-0.0196
-0.0196
-0.02
-0.02
-0.02
-0.02
-0.02
-0.0204
-0.0204
-0.0204
-0.0204
-0.0204
-0.0204
-0.0204
-0.0204
-0.020800000000000003
-0.020800000000000003
-0.020800000000000003
-0.020800000000000003
-0.020800000000000003
-0.0212
-0.0212
-0.0212
-0.0212
-0.0212
-0.0216
-0.0216
-0.0216
-0.0216
-0.0216
-0.022000000000000002
-0.0216
-0.0216
-0.022000000000000002
-0.022000000000000002
-0.022000000000000002
-0.022000000000000002
-0.022400000000000003
-0.022400000000000003
-0.022400000000000003
-0.022400000000000003
-0.022400000000000003
-0.022400000000000003
-0.022800000000000004
-0.022800000000000004
-0.022800000000000004
-0.022800000000000004
-0.022800000000000004
-0.022800000000000004
-0.022800000000000004
-0.022800000000000004
-0.023200000000000002
-0.023200000000000002
-0.023200000000000002
-0.023200000000000002
-0.023200000000000002
-0.0236
-0.0236
-0.0236
-0.0236
-0.0236
-0.0236
-0.0236
-0.024
-0.024
-0.024
-0.024
-0.024
-0.024
-0.024
-0.0244
-0.0244
-0.0244
-0.0244
-0.0244
-0.0244
-0.0248
-0.0248
-0.0248
-0.0248
-0.0248
-0.0248
-0.0248
-0.0252
-0.0252
-0.0252
-0.0252
-0.0252
-0.0252
-0.0256
-0.0256
-0.0252
-0.0256
-0.0256
-0.0256
-0.026000000000000002
-0.0256
-0.026000000000000002
-0.026000000000000002
-0.026000000000000002
-0.026000000000000002
-0.026000000000000002
-0.026400000000000003
-0.026400000000000003
-0.026400000000000003
-0.026400000000000003
-0.026400000000000003
-0.026400000000000003
-0.0268
-0.0268
-0.0268
-0.0268
-0.0268
-0.0268
-0.027200000000000002
-0.0268
-0.027200000000000002
-0.027200000000000002
-0.0268
-0.024
-0.020800000000000003
-0.018000000000000002
-0.0152
-0.0124
-0.009600000000000001
-0.0068000000000000005
-0.0044
-0.0016
0.0012
0.0036000000000000003
0.0064
0.0084
0.01
0.0116
0.0124
0.0128
0.0128
0.0124
0.012
0.0116
0.0108
0.010400000000000001
0.0096
0.0092
0.0088
0.0084
0.008
0.0072
0.0072
0.0068
0.0064
0.0064
0.0064
0.006
0.006
0.006
0.006
0.006
0.006
0.006
0.006
0.006
0.006
0.006
0.006
0.006
0.006
0.006
0.006
0.006
0.006
0.006
0.006
0.006
0.006
0.006
0.0064
0.0064
0.0064
0.0064
0.0064
0.0064
0.0064
0.0064
0.0064
0.006
0.0064
0.0064
0.0064
0.0064
0.0064
0.0064
0.0064
0.0064
0.0064
0.0064
0.0064
0.0064
0.0064
0.0064
0.0064
0.0064
0.0064
0.0064
0.0064
0.0064
0.0064
0.0064
0.0064
0.0064
0.0064
0.0064
0.0064
0.0068
0.0064
0.0068
0.0068
0.0068
0.0068
0.0068
0.0068
0.0068
0.0068
0.0068
0.0068
0.0068
0.0068
0.0068
0.0068
0.0068
0.0068
0.0068
0.0068
0.0068
0.0068
0.0068
0.0068
0.0068
0.0068
0.0068
0.0068
0.0068
0.0068
0.0068
0.0072
0.0072
0.0068
0.0072
0.0068
0.0072
0.0072
0.0072
0.0072
0.0072
0.0072
0.0072
0.0072
0.0072
0.0072
0.0072
0.0072
0.0072
0.0072
0.0072
0.0072
0.0072
0.0072
0.0072
0.0072
0.0072
0.0072
0.0072
0.0072
0.0076
0.0072
0.0072
0.0076
0.0076
0.0072
0.0076
0.0076
0.0076
0.0076
0.0076
0.0076
0.0076
0.0076
0.0076
0.0076
0.0076
0.0076
0.0076
0.0076
0.0076
0.0076
0.0076
0.0076
0.0076
0.0076
0.0076
0.0076
0.0076
0.0076
0.0076
0.0076
0.0076
0.0076
0.008
0.008
0.008
0.008
0.008
0.008
0.008
0.008
0.008
0.008
0.008
0.008
0.008
0.008
0.008
0.008
0.008
0.008
0.008
0.008
0.008
0.0084
0.008
0.008
0.008
0.008
0.008
0.0084
0.008
0.008
0.0084
0.0084
0.0084
0.0084
0.0084
0.0084
0.0084
0.0084
0.0084
0.0084
0.0084
0.0084
0.0084
0.0084
0.0084
0.0084
0.0084
0.0084
0.0084
0.0084
0.0084
0.0084
0.0084
0.0084
0.0088
0.0088
0.0084
0.0084
0.0088
0.0088
0.0088
0.0088
0.0088
0.0088
0.0088
0.0088
0.0088
0.0088
0.0088
0.0088
0.0088
0.0088
0.0088
0.0088
0.0088
0.0088
0.0088
0.0088
0.0088
0.0088
0.0092
0.0088
0.0088
0.0092
0.0092
0.0088
0.0092
0.0092
0.0092
0.0092
0.0092
0.0092
0.0092
0.0092
0.0092
0.0092
0.0092
0.0092
0.0092
0.0092
0.0092
0.0092
0.0092
0.0092
0.0092
0.0096
0.0092
0.0096
0.0092
0.0096
0.0096
0.0092
0.0096
0.0092
0.0096
0.0096
0.0096
0.0096
0.0096
0.0096
0.0096
0.0096
0.0096
0.0096
0.0096
0.0096
0.0096
0.0096
0.0096
0.01
0.0096
0.0096
0.0096
0.0096
0.01
0.01
0.0096
0.01
0.01
0.01
0.01
0.01
0.01
0.01
0.01
0.01
0.01
0.01
0.01
0.01
0.01
0.01
0.010400000000000001
0.01
0.010400000000000001
0.010400000000000001
0.010400000000000001
0.010400000000000001
0.010400000000000001
0.010400000000000001
0.010400000000000001
0.010400000000000001
0.010400000000000001
0.010400000000000001
0.010400000000000001
0.010400000000000001
0.010400000000000001
0.010400000000000001
0.010400000000000001
0.010400000000000001
0.010400000000000001
0.010400000000000001
0.010400000000000001
0.010400000000000001
0.010400000000000001
0.010400000000000001
0.0108
0.0108
0.0108
0.0108
0.0108
0.0108
0.0108
0.0108
0.0108
0.0108
0.0108
0.0108
0.0108
0.0108
0.0108
0.0108
0.0108
0.0108
0.0108
0.0112
0.0108
0.0112
0.0112
0.0112
0.0112
0.0112
0.0112
0.0112
0.0112
0.0112
0.0112
0.0112
0.0112
0.0112
0.0112
0.0112
0.0112
0.0116
0.0116
0.0116
0.0116
0.0116
0.0116
0.0116
0.0116
0.0116
0.0116
0.0116
0.0116
0.0116
0.0116
0.012
0.012
0.012
0.012
0.012
0.012
0.012
0.012
0.012
0.012
0.0124
0.0124
0.0124
0.0124
0.0124
0.0124
0.0124
0.0128
0.0128
0.0128
0.0128
0.0128
0.0128
0.013200000000000002
0.013200000000000002
0.013200000000000002
0.013200000000000002
0.013200000000000002
0.013200000000000002
0.013600000000000001
0.013600000000000001
0.013600000000000001
0.013600000000000001
0.013999999999999999
0.013999999999999999
0.013999999999999999
0.013999999999999999
0.013999999999999999
0.0144
0.0144
0.0148
0.0148
0.0148
0.0148
0.0152
0.0152
0.0152
0.015600000000000001
0.015600000000000001
0.015600000000000001
0.016
0.016
0.016
0.016399999999999998
0.016399999999999998
0.016399999999999998
0.0168
0.0168
0.0172
0.0172
0.0172
0.0176
0.0176
0.018000000000000002
0.018000000000000002
0.0184
0.0184
0.0184
0.0188
0.0188
0.0192
0.0192
0.0196
0.0196
0.0196
0.02
0.0204
0.0204
0.0204
0.020800000000000003
0.020800000000000003
0.0212
0.0216
0.0216
0.0216
0.022000000000000002
0.022400000000000003
0.0216
0.0196
0.0176
0.015600000000000001
0.013600000000000001
0.012
0.010400000000000001
0.0088
0.008
0.0068
0.006
0.0056
0.0048000000000000004
0.0044
0.0044
0.0044
0.0044
0.0044
0.0048000000000000004
0.0048000000000000004
0.005200000000000001
0.0056
0.006
0.0064
0.0068
0.0072
0.0072
0.0076
0.008
0.008
0.008
0.008
0.008
0.008
0.0076
0.0076
0.0076
0.0072
0.0072
0.0072
0.0072
0.0068
0.0068
0.0068
0.0068
0.0064
0.0064
0.0064
0.0064
0.0064
0.006
0.006
0.006
0.006
0.0056
0.0056
0.0056
0.0056
0.005200000000000001
0.005200000000000001
0.005200000000000001
0.005200000000000001
0.005200000000000001
0.0048000000000000004
0.0048000000000000004
0.0048000000000000004
0.0048000000000000004
0.0044
0.0044
0.0044
0.0044
0.004
0.004
0.004
0.004
0.0036000000000000003
0.0036000000000000003
0.0036000000000000003
0.0036000000000000003
0.0036000000000000003
0.0032
0.0032
0.0032
0.0032
0.0028000000000000004
0.0028000000000000004
0.0028000000000000004
0.0028000000000000004
0.0028000000000000004
0.0024000000000000002
0.0024000000000000002
0.0024000000000000002
0.0024000000000000002
0.002
0.002
0.002
0.002
0.002
0.0016
0.0016
0.0016
0.0016
0.0012
0.0012
0.0012
0.0012
0.0007999999999999999
0.0007999999999999999
0.0007999999999999999
0.0007999999999999999
0.0007999999999999999
0.0007999999999999999
0.0004
0.0004
0.0004
0.0004
0.0004
0.0004
0.0
0.0
0.0
-0.0004
-0.0004
-0.0004
-0.0004
-0.0004
-0.0008
-0.0008
-0.0008
-0.0008
-0.0012
-0.0012
-0.0012
-0.0012
-0.0012
-0.0016
-0.0016
-0.0016
-0.0016
-0.0016
-0.002
-0.002
-0.002
-0.002
-0.0024000000000000002
-0.0024000000000000002
-0.0024000000000000002
-0.0024000000000000002
-0.0024000000000000002
-0.0028
-0.0028
-0.0028
-0.0028
-0.0028
-0.0028
-0.0032
-0.0032
-0.0032
-0.0032
-0.0036
-0.0036
-0.0036
-0.0036
-0.004
-0.004
-0.004
-0.004
-0.004
-0.004
-0.0044
-0.0044
-0.0044
-0.0044
-0.0048
-0.0048
-0.0048
-0.0048
-0.0048
-0.0048
-0.005200000000000001
-0.005200000000000001
-0.005200000000000001
-0.005200000000000001
-0.005600000000000001
-0.005600000000000001
-0.005600000000000001
-0.005600000000000001
-0.005600000000000001
-0.005600000000000001
-0.006000000000000001
-0.006000000000000001
-0.006000000000000001
-0.006000000000000001
-0.006000000000000001
-0.0064
-0.0064
-0.0064
-0.0064
-0.0068000000000000005
-0.0068000000000000005
-0.0068000000000000005
-0.0068000000000000005
-0.0068000000000000005
-0.007200000000000001
-0.007200000000000001
-0.007200000000000001
-0.007200000000000001
-0.007200000000000001
-0.0076
-0.0076
-0.0076
-0.0076
-0.0076
-0.008
-0.008
-0.008
-0.008
-0.008
-0.008400000000000001
-0.008400000000000001
-0.008400000000000001
-0.008400000000000001
-0.008400000000000001
-0.008400000000000001
-0.0088
-0.0088
-0.0088
-0.0088
-0.0088
-0.0088
-0.0092
-0.0092
-0.0092
-0.0092
-0.0092
-0.009600000000000001
-0.009600000000000001
-0.009600000000000001
-0.009600000000000001
-0.009600000000000001
-0.01
-0.01
-0.01
-0.01
-0.01
-0.01
-0.010400000000000001
-0.010400000000000001
-0.010400000000000001
-0.010400000000000001
-0.010400000000000001
-0.0108
-0.0108
-0.0108
-0.0108
-0.0108
-0.0108
-0.011200000000000002
-0.011200000000000002
-0.011200000000000002
-0.011600000000000001
-0.011200000000000002
-0.011600000000000001
-0.011600000000000001
-0.011600000000000001
-0.011600000000000001
-0.011600000000000001
-0.012
-0.012
-0.012
-0.012
-0.012
-0.012
-0.0124
-0.0124
-0.0124
-0.0124
-0.0124
-0.0128
-0.0128
-0.0128
-0.0128
-0.0128
-0.013200000000000002
-0.013200000000000002
-0.013200000000000002
-0.013200000000000002
-0.013200000000000002
-0.013600000000000001
-0.013600000000000001
-0.013600000000000001
-0.013600000000000001
-0.013600000000000001
-0.013600000000000001
-0.014000000000000002
-0.014000000000000002
-0.014000000000000002
-0.014000000000000002
-0.014000000000000002
-0.014400000000000001
-0.014400000000000001
-0.014400000000000001
-0.014400000000000001
-0.014400000000000001
-0.014400000000000001
-0.014400000000000001
-0.0148
-0.0148
-0.0148
-0.0148
-0.0148
-0.0152
-0.0152
-0.0152
-0.0152
-0.0152
-0.015600000000000001
-0.015600000000000001
-0.015600000000000001
-0.015600000000000001
-0.015600000000000001
-0.015600000000000001
-0.016
-0.016
-0.016
-0.016
-0.016
-0.016
-0.016
-0.0164
-0.0164
-0.0164
-0.0164
-0.0164
-0.016800000000000002
-0.016800000000000002
-0.016800000000000002
-0.016800000000000002
-0.016800000000000002
-0.0172
-0.016800000000000002
-0.0172
-0.0172
-0.0172
-0.0172
-0.0176
-0.0176
-0.0176
-0.0176
-0.0176
-0.0176
-0.0176
-0.018000000000000002
-0.018000000000000002
-0.018000000000000002
-0.018000000000000002
-0.018000000000000002
-0.0184
-0.0184
-0.0184
-0.0184
-0.0184
-0.0184
-0.0188
-0.0188
-0.0188
-0.0188
-0.0188
-0.0188
-0.019200000000000002
-0.019200000000000002
-0.019200000000000002
-0.019200000000000002
-0.019200000000000002
-0.019200000000000002
-0.0196
-0.0196
-0.0196
-0.0196
-0.0196
-0.0196
-0.02
-0.02
-0.02
-0.02
-0.02
-0.02
-0.02
-0.02
-0.0204
-0.0204
-0.0204
-0.0204
-0.020800000000000003
-0.0204
-0.020800000000000003
-0.020800000000000003
-0.020800000000000003
-0.0212
-0.020800000000000003
-0.0212
-0.0212
-0.0212
-0.0212
-0.0212
-0.0212
-0.0216
-0.0216
-0.0216
-0.0216
-0.0216
-0.022000000000000002
-0.022000000000000002
-0.022000000000000002
-0.022000000000000002
-0.022000000000000002
-0.022000000000000002
-0.022000000000000002
-0.022400000000000003
-0.022400000000000003
-0.022400000000000003
-0.022400000000000003
-0.022400000000000003
-0.022400000000000003
-0.022800000000000004
-0.022800000000000004
-0.022800000000000004
-0.022800000000000004
-0.022800000000000004
-0.022800000000000004
-0.022800000000000004
-0.023200000000000002
-0.023200000000000002
-0.023200000000000002
-0.023200000000000002
-0.023200000000000002
-0.023200000000000002
-0.0236
-0.0236
-0.0236
-0.0236
-0.0236
-0.0236
-0.0236
-0.024
-0.024
-0.024
-0.024
-0.024
-0.024
-0.0244
-0.0244
-0.0244
-0.0244
-0.0244
-0.0248
-0.0248
-0.0244
-0.0248
-0.0248
-0.0248
-0.0248
-0.0248
-0.0252
-0.0252
-0.0252
-0.0252
-0.0252
-0.0252
-0.0252
-0.0256
-0.0256
-0.0256
-0.0256
-0.0256
-0.0256
-0.026000000000000002
-0.026000000000000002
-0.026000000000000002
-0.026000000000000002
-0.026000000000000002
-0.026000000000000002
-0.026000000000000002
-0.026400000000000003
-0.026400000000000003
-0.026400000000000003
-0.026400000000000003
-0.026400000000000003
-0.026400000000000003
-0.0268
-0.0268
-0.0268
-0.0268
-0.0268
-0.0268
-0.0268
-0.0268
-0.0268
-0.0236
-0.0204
-0.0176
-0.0148
-0.0124
-0.009600000000000001
-0.0068000000000000005
-0.004
-0.0016
0.0012
0.0036000000000000003
0.0064
0.0084
0.010400000000000001
0.0116
0.0124
0.0128
0.013200000000000002
0.0128
0.012
0.0116
0.0112
0.010400000000000001
0.01
0.0092
0.0088
0.0084
0.008
0.0076
0.0072
0.0068
0.0064
0.0064
0.0064
0.006
0.006
0.006
0.006
0.006
0.006
0.006
0.006
0.006
0.006
0.006
0.006
0.006
0.006
0.0064
0.006
0.0064
0.0064
0.0064
0.006
0.0064
0.0064
0.0064
0.0064
0.0064
0.0064
0.0064
0.0064
0.0064
0.0064
0.0064
0.0064
0.0064
0.0064
0.0064
0.0064
0.0064
0.0064
0.0064
0.0064
0.0064
0.0064
0.0064
0.0064
0.0064
0.0064
0.0064
0.0064
0.0064
0.0068
0.0064
0.0068
0.0064
0.0068
0.0068
0.0064
0.0068
0.0068
0.0068
0.0068
0.0068
0.0068
0.0068
0.0068
0.0068
0.0068
0.0068
0.0068
0.0068
0.0068
0.0068
0.0068
0.0068
0.0068
0.0068
0.0068
0.0068
0.0068
0.0068
0.0072
0.0068
0.0072
0.0072
0.0072
0.0072
0.0068
0.0072
0.0072
0.0072
0.0072
0.0072
0.0072
0.0072
0.0072
0.0072
0.0072
0.0072
0.0072
0.0072
0.0072
0.0072
0.0072
0.0072
0.0072
0.0072
0.0072
0.0072
0.0072
0.0072
0.0072
0.0072
0.0076
0.0072
0.0072
0.0072
0.0076
0.0076
0.0076
0.0076
0.0076
0.0076
0.0076
0.0076
0.0076
0.0076
0.0076
0.0076
0.0076
0.0076
0.0076
0.0076
0.0076
0.0076
0.0076
0.0076
0.0076
0.0076
0.0076
0.008
0.008
0.008
0.008
0.008
0.0076
0.008
0.008
0.008
0.008
0.008
0.008
0.008
0.008
0.008
0.008
0.008
0.008
0.008
0.008
0.008
0.008
0.008
0.008
0.008
0.008
0.008
0.008
0.008
0.008
0.0084
0.0084
0.008
0.0084
0.0084
0.008
0.0084
0.0084
0.0084
0.0084
0.0084
0.0084
0.0084
0.0084
0.0084
0.0084
0.0084
0.0084
0.0084
0.0084
0.0084
0.0084
0.0084
0.0084
0.0084
0.0084
0.0084
0.0084
0.0088
0.0088
0.0084
0.0084
0.0088
0.0088
0.0088
0.0088
0.0088
0.0088
0.0088
0.0088
0.0088
0.0088
0.0088
0.0088
0.0088
0.0088
0.0088
