3.1541895866
3.1940455437
3.2265868187
3.248003006
3.2617526054
3.2708604336
3.2772948742
3.2814724445
3.2847058773
3.2898440361
3.2937972546
3.2952702045
3.2990796566
3.3030972481
3.3047618866
3.3076269627
3.30849123
3.3091475964
3.3091635704
3.3104922771
3.30900383
3.3058822155
3.3035936356
3.3003442287
3.2962787151
3.2917807102
3.2881791592
3.2843215466
3.2796158791
3.2775988579
3.2732131481
3.2685716152
3.2646977901
3.2591118813
3.2516367435
3.238335371
3.225754261
3.2131733894
3.2045137882
3.1986875534
3.1925890446
3.1811926365
3.1638255119
3.1457862854
3.1297316551
3.1221289635
3.1175031662
3.1095638275
3.0941016674
3.0876829624
3.0730853081
3.0596878529
3.0471067429
3.0411205292
3.0377590656
3.0347177982
3.0263626575
3.0175430775
3.0049140453
2.9901242256
2.9758782387
2.9679071903
2.9625930786
2.9604480267
2.9589116573
2.9557743073
2.9512925148
2.9443457127
2.9341015816
2.9232492447
2.9104602337
2.9016406536
2.8934133053
2.8874268532
2.8839056492
2.881424427
2.879999876
2.8792316914
2.8774709702
2.8743658066
2.8707003593
2.8644418716
2.8549661636
2.8447380066
2.8359663486
2.8242497444
2.8168547153
2.8100841045
2.8061783314
2.8037455082
2.8020169735
2.8009283543
2.7991037369
2.7979512215
2.7970869541
2.7949099541
2.7925729752
2.789403677
2.7850821018
2.7797677517
2.7757182121
2.7689795494
2.7627050877
2.7558863163
2.7512927055
2.7437696457
2.7404241562
2.7353980541
2.7302761078
2.7274429798
2.7251861095
2.7229132652
2.7228491306
2.7212805748
2.7199678421
2.7194237709
2.7190716267
2.7178552151
2.7164466381
2.7149419785
2.7126049995
2.7101080418
2.7044737339
2.6979432106
2.6951899529
2.6911404133
2.6836013794
2.6793596745
2.6736295223
2.6658022404
2.6616725922
2.6566467285
2.6522607803
2.6487393379
2.648099184
2.6471707821
2.644769907
2.644769907
2.6434254646
2.6428489685
2.6426570415
2.641920805
2.6416325569
2.6410243511
2.640512228
2.6409285069
2.6407363415
2.6404161453
2.6399998665
2.6401281357
2.6397438049
2.6397759914
2.6397759914
2.6391677856
2.639071703
2.6389756203
2.6386554241
2.638143301
2.6382074356
2.6377589703
2.6369907856
2.6369109154
2.6360464096
2.6347498894
2.6336293221
2.6337094307
2.6323008537
2.6311805248
2.6305401325
2.628667593
2.6275150776
2.6263785362
2.6238656044
2.6220088005
2.6206803322
2.618439436
2.6176872253
2.6135892868
2.6110444069
2.608707428
2.6071228981
2.6037294865
2.6005442142
2.5998721123
2.5958542824
2.593101263
2.5919167995
2.5901079178
2.5881552696
2.5854341984
2.5821208954
2.5802960396
2.5797197819
2.5782473087
2.5764546394
2.5742456913
2.5734615326
2.5713324547
2.5722608566
2.5702600479
