-4.7200322151
-4.718047142
-4.6932210922
-4.6491074562
-4.6355824471
-4.5803117752
-4.5547180176
-4.4902124405
-4.4686350822
-4.4044017792
-4.3959984779
-4.3285474777
-4.3032412529
-4.240447998
-4.1883792877
-4.155069828
-4.0856823921
-4.0557823181
-3.997887373
-3.9310925007
-3.9051458836
-3.8411843777
-3.7927012444
-3.7537574768
-3.6848340034
-3.6503560543
-3.6001279354
-3.5509243011
-3.5157744884
-3.44648242
-3.4120368958
-3.3591036797
-3.293333292
-3.2631452084
-3.2015368938
-3.153421402
-3.1151340008
-3.0451860428
-3.0122928619
-2.9584314823
-2.8912363052
-2.8625531197
-2.8008322716
-2.7842175961
-2.7205121517
-2.6670668125
-2.6309883595
-2.5618247986
-2.5168466568
-2.4747817516
-2.4033613205
-2.3587193489
-2.3171508312
-2.2496037483
-2.2183432579
-2.1591355801
-2.0949821472
-2.0671308041
-2.0014727116
-1.9772869349
-1.9192637205
-1.8581832647
-1.8249219656
-1.7608323097
-1.7093718052
-1.6762224436
-1.6057622433
-1.5655702353
-1.5201280117
-1.4950621128
-1.4389115572
-1.372420907
-1.3445217609
-1.281024456
-1.2662024498
-1.2006082535
-1.148699522
-1.1146217585
-1.0431052446
-0.9950220585
-0.953597486
-0.8843377829
-0.8334053159
-0.7969907522
-0.7270427942
-0.6958143115
-0.6389115453
-0.5713965297
-0.5529571772
-0.4832653105
-0.4469627738
-0.3979511857
-0.3293797672
-0.2952060997
-0.2402561009
-0.178615436
-0.1488275379
-0.0819207653
-0.0282032806
0.0064985994
0.0759984031
0.1218567416
0.1627210975
0.2326690704
0.2432012856
0.3131492436
0.3451780677
0.4014725685
0.4683793485
0.5030332208
0.5603521466
0.6197199225
0.6550460458
0.7191356421
0.7695237994
0.8064345121
0.8772788644
0.9209603667
0.9631052613
1.0324449539
1.0480992794
1.1179192066
1.1601920128
1.2034734488
1.2714525461
1.3047939539
1.3599680662
1.4214645624
1.4553340673
1.5190716982
1.5725169182
1.6060185432
1.676574707
1.6839376688
1.7545577288
1.7648339272
1.8349260092
1.8693237305
1.9215365648
1.9912925959
2.0270347595
2.080640316
2.1442177296
2.1802000999
2.2396798134
2.2954621315
2.3268826008
2.3972148895
2.4450259209
2.4838573933
2.5543017387
2.584089756
2.6398718357
2.6868987083
2.7237455845
2.7922530174
2.8297879696
2.8813126087
2.9459784031
2.9740376472
3.0394077301
3.0952060223
3.1264185905
3.197551012
3.2446739674
3.2829773426
3.3513247967
3.3624651432
3.4304602146
3.4596557617
3.5197439194
3.5780713558
3.6117327213
3.6777429581
3.7238733768
3.76526618
3.8358383179
3.8664264679
3.9200639725
3.978903532
4.011909008
4.0785913467
4.1203041077
4.1602239609
4.2091078758
4.2424650192
4.3082995415
4.3345499039
4.3985595703
4.444849968
4.4823689461
4.5456900597
4.5697159767
4.6338534355
4.6530776024
4.7130851746
4.7243857384
4.7707881927
4.7978549004
4.800096035
