100.0
109.54773869346734
119.09547738693468
128.643216080402
138.19095477386935
147.73869346733667
157.286432160804
166.83417085427135
176.3819095477387
185.92964824120602
195.47738693467335
205.0251256281407
214.57286432160802
224.12060301507535
233.6683417085427
243.21608040201005
252.76381909547737
262.3115577889447
271.85929648241205
281.4070351758794
290.9547738693467
300.50251256281405
310.0502512562814
319.5979899497487
329.14572864321605
338.6934673366834
348.2412060301507
357.78894472361804
367.3366834170854
376.88442211055275
386.4321608040201
395.9798994974874
405.52763819095475
415.0753768844221
424.6231155778894
434.17085427135675
443.7185929648241
453.26633165829145
462.81407035175874
472.3618090452261
481.90954773869345
491.45728643216074
501.0050251256281
510.55276381909545
520.1005025125628
529.6482412060301
539.1959798994974
548.7437185929648
558.2914572864321
567.8391959798994
577.3869346733668
586.9346733668342
596.4824120603014
606.0301507537688
615.5778894472361
625.1256281407035
634.6733668341708
644.2211055276381
653.7688442211055
663.3165829145728
672.8643216080402
682.4120603015075
691.9597989949748
701.5075376884422
711.0552763819095
720.6030150753768
730.1507537688442
739.6984924623115
749.2462311557788
758.7939698492462
768.3417085427135
777.8894472361809
787.4371859296482
796.9849246231155
806.5326633165829
816.0804020100502
825.6281407035175
835.1758793969849
844.7236180904522
854.2713567839195
863.8190954773869
873.3668341708542
882.9145728643215
892.4623115577889
902.0100502512562
911.5577889447236
921.1055276381909
930.6532663316582
940.2010050251256
949.7487437185929
959.2964824120602
968.8442211055276
978.3919597989949
987.9396984924622
997.4874371859296
1007.0351758793969
1016.5829145728642
1026.1306532663316
1035.6783919597988
1045.2261306532664
1054.7738693467336
1064.3216080402008
1073.8693467336684
1083.4170854271356
1092.9648241206028
1102.5125628140704
1112.0603015075376
1121.6080402010048
1131.1557788944722
1140.7035175879396
1150.251256281407
1159.7989949748742
1169.3467336683416
1178.894472361809
1188.4422110552762
1197.9899497487436
1207.537688442211
1217.0854271356784
1226.6331658291456
1236.180904522613
1245.7286432160804
1255.2763819095476
1264.824120603015
1274.3718592964824
1283.9195979899496
1293.467336683417
1303.0150753768844
1312.5628140703516
1322.110552763819
1331.6582914572864
1341.2060301507536
1350.753768844221
1360.3015075376884
1369.8492462311556
1379.396984924623
1388.9447236180904
1398.4924623115576
1408.040201005025
1417.5879396984924
1427.1356783919596
1436.683417085427
1446.2311557788944
1455.7788944723618
1465.326633165829
1474.8743718592964
1484.4221105527638
1493.969849246231
1503.5175879396984
1513.0653266331658
1522.613065326633
1532.1608040201004
1541.7085427135678
1551.256281407035
1560.8040201005024
1570.3517587939698
1579.899497487437
1589.4472361809044
1598.9949748743718
1608.542713567839
1618.0904522613064
1627.6381909547738
1637.185929648241
1646.7336683417084
1656.2814070351758
1665.829145728643
1675.3768844221104
1684.9246231155778
1694.4723618090452
1704.0201005025124
1713.5678391959798
1723.1155778894472
1732.6633165829144
1742.2110552763818
1751.7587939698492
1761.3065326633164
1770.8542713567838
1780.4020100502512
1789.9497487437184
1799.4974874371858
1809.0452261306532
1818.5929648241204
1828.1407035175878
1837.6884422110552
1847.2361809045224
1856.7839195979898
1866.3316582914572
1875.8793969849244
1885.4271356783918
1894.9748743718592
1904.5226130653264
1914.0703517587938
1923.6180904522612
1933.1658291457284
1942.7135678391958
1952.2613065326632
1961.8090452261306
1971.3567839195978
1980.9045226130652
1990.4522613065326
2000.0
