3.4525809288
3.5036094189
3.547274828
3.5782952309
3.6021449566
3.6179590225
3.6279952526
3.6279952526
3.6147096157
3.6077470779
3.5986235142
3.5912604332
3.5868268013
3.5834014416
3.5806164742
3.5780072212
3.5808722973
3.5846178532
3.5895478725
3.5959186554
3.6014885902
3.6047699451
3.6087553501
3.6124532223
3.6126129627
3.610868454
3.6069469452
3.5991516113
3.5929892063
3.5869548321
3.5788555145
3.5716848373
3.5626409054
3.5539493561
3.5444417
3.5344057083
3.5258264542
3.5153582096
3.5043776035
3.4966788292
3.4891555309
3.4797921181
3.4714686871
3.4644098282
3.4535253048
3.4430732727
3.4300920963
3.4160223007
3.4043056965
3.3920927048
3.3788075447
3.3701958656
3.364433527
3.3536612988
3.3453860283
3.3349177837
3.3254101276
3.3137896061
3.3043775558
3.2952060699
3.2910122871
3.2851862907
3.2808642387
3.2755181789
3.2677710056
3.2605843544
3.254229784
3.2461624146
3.2349262238
3.227658987
3.2209205627
3.2126612663
3.2067546844
3.2007203102
3.1943175793
3.1882350445
3.1807923317
3.1733973026
3.1659386158
3.1604802608
3.1523008347
3.1455464363
3.1393997669
3.1349179745
3.1291234493
3.1235692501
3.119071722
3.1152460575
3.10932374
3.1038177013
3.100328207
3.0945658684
3.0907564163
3.087747097
3.0817127228
3.0777430534
3.0753421783
3.0701081753
3.0665385723
3.0626010895
3.058775425
3.0544216633
3.050996542
3.0451381207
3.0421767235
3.037471056
3.0334534645
3.0288915634
3.0264744759
3.0224089622
3.017783165
3.0128371716
3.0105962753
3.0065464973
3.0038254261
3.0003681183
2.9974551201
2.9949259758
2.9898357391
2.9862344265
2.98295331
2.976982832
2.9726610184
2.9697959423
2.9659705162
2.9634892941
2.9585914612
2.9546539783
2.9511964321
2.9461865425
2.9428892136
2.9392716885
2.9360384941
2.9348058701
2.9316847324
2.930243969
2.9289157391
2.9270427227
2.9257781506
2.9241776466
2.9224970341
2.9210402966
2.920096159
2.9170548916
2.9169588089
2.9152779579
2.9145417213
2.912045002
2.9115326405
2.9101719856
2.9093399048
2.9079310894
2.9067788124
2.9035294056
2.9028730392
2.9014325142
2.89853549
2.8975429535
2.8966464996
2.8950140476
2.8926610947
2.8923249245
2.8897800446
2.8873147964
2.8861145973
2.8859224319
2.8830411434
2.8808002472
2.8806242943
2.8799200058
2.8778553009
2.8768947124
2.8749098778
2.8727490902
2.8711004257
2.8705720901
2.8686034679
2.8673229218
2.8671147823
2.8653540611
2.8641536236
2.8619449139
2.8610804081
2.8590157032
2.8586633205
2.8570308685
2.8563585281
2.854421854
2.8532693386
2.8519248962
2.8506762981
2.8490915298
2.847522974
2.8466587067
2.8445136547
2.8426890373
2.8421287537
2.8418726921
2.8391675949
2.8383033276
