-4.6367988586
-4.5673308372
-4.5253620148
-4.4786233902
-4.4141659737
-4.3986234665
-4.3332052231
-4.3040895462
-4.2403202057
-4.1788077354
-4.1482191086
-4.0816965103
-4.0312123299
-3.9938855171
-3.9240016937
-3.8841454983
-3.8367667198
-3.7683713436
-3.7305321693
-3.6769587994
-3.607763052
-3.5865545273
-3.5212163925
-3.4704282284
-3.4345257282
-3.3636496067
-3.3145418167
-3.2758061886
-3.2065947056
-3.1700201035
-3.1180472374
-3.0496358871
-3.0185353756
-2.9595518112
-2.8958144188
-2.8706521988
-2.8015685081
-2.7881872654
-2.7212483883
-2.6702520847
-2.6314206123
-2.5623528957
-2.514621973
-2.4763026237
-2.4056663513
-2.3668026924
-2.3185274601
-2.250164032
-2.2187433243
-2.1589434147
-2.0893797874
-2.0554461479
-2.0003201962
-1.9623370171
-1.91667068
-1.8483073711
-1.8111723661
-1.7589114904
-1.691396594
-1.6638976336
-1.6002241373
-1.538279295
-1.5198398829
-1.4687955379
-1.4298839569
-1.3632333279
-1.3250420094
-1.280064106
-1.2457783222
-1.198015213
-1.1299239397
-1.1005041599
-1.0393917561
-0.9770308137
-0.9482192397
-0.8813444972
-0.8212404847
-0.7937254906
-0.7255382538
-0.6892196536
-0.6350220442
-0.5652821064
-0.546554625
-0.4813125134
-0.4416646361
-0.3974389732
-0.3311084509
-0.297927171
-0.2409283668
-0.1933413446
-0.1576950699
-0.0996558592
-0.0755182058
-0.0131252501
-0.0007683073
0.0076990798
0.0088675469
0.0131732682
0.0235134047
0.0048659462
0.0178151261
0.0165186077
0.0217046812
0.0274509806
0.0397278927
0.0781912729
0.1093237251
0.1577270925
0.1949259639
0.2398079336
0.2563265264
0.3181752563
0.3599839807
0.4029451609
0.4721248448
0.5009843707
0.5596478581
0.6144537926
0.6486754417
0.7180472016
0.7556622624
0.802464962
0.8699960113
0.9030812383
0.9600639939
1.0180072784
1.0413445234
1.1087634563
1.1347578764
1.1998399496
1.2579110861
1.2904522419
1.3581112623
1.4039055109
1.4452180862
1.5159983635
1.5549900532
1.6019207239
1.6703962088
1.6828490496
1.7518687248
1.762753129
1.8321727514
1.8629852533
1.9206402302
1.9836415052
2.016374588
2.0798079967
2.1373031139
2.1766786575
2.2390396595
2.2901799679
2.3259863853
2.3963985443
2.4397919178
2.4829771519
2.5531332493
2.5852100849
2.6399681568
2.6905002594
2.7248020172
2.7956464291
2.8444018364
2.8835535049
2.9527010918
2.9888753891
3.0413126945
3.1107163429
3.1402320862
3.2009282112
3.2689557076
3.2979269028
3.3597118855
3.3795919418
3.4400000572
3.4974308014
3.5293798447
3.5981433392
3.652340889
3.6863064766
3.7570869923
3.8099241257
3.8443856239
3.915102005
3.9476110935
4.0018248558
4.0703639984
4.099111557
4.1591997147
4.1958222389
4.2417926788
4.3094358444
4.3405842781
4.4005122185
4.4656581879
4.4963903427
4.5598077774
4.6218328476
4.6511244774
4.7201280594
