27.800000000000004
27.800000000000004
27.599999999999998
27.599999999999998
27.400000000000002
27.800000000000004
27.599999999999998
27.800000000000004
27.599999999999998
27.800000000000004
27.599999999999998
27.599999999999998
27.599999999999998
27.599999999999998
27.599999999999998
27.599999999999998
27.599999999999998
27.400000000000002
27.599999999999998
27.400000000000002
27.599999999999998
27.400000000000002
27.599999999999998
27.400000000000002
27.400000000000002
27.400000000000002
27.400000000000002
27.599999999999998
27.400000000000002
27.199999999999996
27.199999999999996
27.199999999999996
27.199999999999996
27.400000000000002
27.199999999999996
27.199999999999996
27.199999999999996
27.199999999999996
27.0
27.199999999999996
27.0
27.0
27.0
27.0
27.0
26.8
26.8
26.8
26.8
26.8
26.8
26.6
26.6
26.6
26.6
26.6
26.6
26.6
26.400000000000002
26.6
26.400000000000002
26.400000000000002
26.200000000000003
26.400000000000002
26.400000000000002
26.400000000000002
26.200000000000003
26.200000000000003
26.200000000000003
26.0
26.200000000000003
26.0
26.0
26.0
25.8
26.0
26.0
26.0
25.8
25.8
25.6
25.8
25.6
25.8
25.6
25.6
25.4
25.4
25.6
25.4
25.4
25.2
25.2
25.2
25.4
25.2
25.2
25.0
25.0
25.0
25.0
24.8
25.0
24.8
24.6
24.8
24.6
24.6
24.4
24.6
24.4
24.6
24.4
24.4
24.4
24.4
24.0
24.4
24.4
24.0
24.2
23.799999999999997
24.0
24.0
24.0
23.799999999999997
24.0
23.799999999999997
23.599999999999998
23.799999999999997
23.599999999999998
23.599999999999998
23.599999999999998
23.4
23.599999999999998
23.599999999999998
23.4
23.4
23.4
23.2
23.2
23.2
23.4
23.2
23.2
23.0
23.0
22.800000000000004
23.0
22.800000000000004
23.0
22.800000000000004
22.800000000000004
22.800000000000004
22.800000000000004
22.599999999999998
22.599999999999998
22.599999999999998
22.400000000000002
22.599999999999998
22.400000000000002
22.400000000000002
22.200000000000003
22.200000000000003
22.200000000000003
22.400000000000002
22.200000000000003
22.200000000000003
22.200000000000003
22.0
22.200000000000003
22.0
22.0
21.8
22.0
21.8
21.8
21.8
21.8
22.0
21.6
21.400000000000002
21.400000000000002
21.400000000000002
21.200000000000003
21.400000000000002
21.200000000000003
21.400000000000002
21.400000000000002
21.200000000000003
21.200000000000003
21.200000000000003
21.0
21.200000000000003
21.200000000000003
21.0
21.0
20.8
20.8
20.8
20.8
20.8
20.8
20.6
20.8
20.6
20.6
20.6
20.4
20.4
20.4
20.4
20.4
20.4
20.2
20.2
20.2
20.2
20.2
20.0
20.0
20.0
20.0
19.6
19.8
19.8
20.0
19.6
19.8
19.8
19.6
19.6
19.4
19.4
19.4
19.4
19.2
19.4
19.2
19.4
19.2
19.4
19.0
19.2
19.2
19.0
19.0
19.0
18.799999999999997
18.799999999999997
19.0
18.799999999999997
19.0
18.799999999999997
18.799999999999997
18.599999999999998
18.599999999999998
18.799999999999997
18.400000000000002
18.599999999999998
18.599999999999998
18.400000000000002
18.400000000000002
18.599999999999998
18.400000000000002
18.400000000000002
18.2
18.2
18.2
18.2
18.2
18.2
18.2
18.0
18.2
17.8
18.0
17.8
17.8
17.8
18.0
17.6
17.8
17.8
17.8
17.8
17.6
17.8
17.4
17.4
17.4
17.4
17.6
17.4
17.4
17.2
17.2
17.2
17.2
17.0
17.2
17.0
17.0
17.0
17.0
16.8
16.8
16.8
16.8
16.8
16.8
17.0
16.599999999999998
16.599999999999998
16.599999999999998
16.599999999999998
16.599999999999998
16.599999999999998
16.599999999999998
16.400000000000002
16.599999999999998
16.599999999999998
16.400000000000002
16.200000000000003
16.400000000000002
16.200000000000003
16.400000000000002
16.400000000000002
16.400000000000002
16.200000000000003
16.200000000000003
16.200000000000003
16.0
16.0
16.0
16.0
16.0
16.0
16.0
16.0
15.8
15.8
15.600000000000001
16.0
15.8
15.600000000000001
15.600000000000001
15.600000000000001
15.4
15.600000000000001
15.4
15.4
15.4
15.4
15.4
15.4
15.4
15.2
15.2
15.2
15.2
15.2
15.2
15.0
15.0
15.2
15.0
14.8
14.8
15.0
15.0
14.8
14.8
14.8
14.8
14.8
14.8
14.6
14.8
14.6
14.6
14.399999999999999
14.6
14.6
14.6
14.399999999999999
14.6
14.399999999999999
14.399999999999999
14.399999999999999
14.2
14.2
14.0
14.2
14.2
14.399999999999999
14.2
14.2
14.2
14.0
14.2
14.0
14.2
13.799999999999999
14.0
13.799999999999999
14.0
13.799999999999999
14.0
13.599999999999998
13.799999999999999
13.799999999999999
13.799999999999999
13.799999999999999
13.599999999999998
13.799999999999999
13.599999999999998
13.399999999999999
13.399999999999999
13.599999999999998
13.799999999999999
13.599999999999998
13.399999999999999
13.399999999999999
13.599999999999998
13.599999999999998
13.399999999999999
13.2
13.399999999999999
13.2
13.399999999999999
13.2
13.2
13.2
13.2
12.999999999999998
13.2
12.999999999999998
13.2
13.2
12.999999999999998
13.2
12.999999999999998
12.999999999999998
12.8
12.999999999999998
12.8
12.999999999999998
12.6
12.8
12.6
12.8
12.8
12.6
12.6
12.6
12.6
12.6
12.6
12.4
12.6
12.4
12.4
12.2
12.4
12.4
12.4
12.6
12.4
12.4
12.2
12.4
12.2
12.2
12.2
12.2
12.0
12.0
12.2
12.2
12.2
12.0
12.2
11.799999999999999
12.0
12.0
12.0
11.799999999999999
12.0
11.799999999999999
12.0
11.799999999999999
11.799999999999999
11.799999999999999
11.799999999999999
11.799999999999999
11.600000000000001
11.600000000000001
11.400000000000002
11.799999999999999
11.400000000000002
11.400000000000002
11.600000000000001
11.400000000000002
11.400000000000002
11.600000000000001
11.400000000000002
11.400000000000002
11.400000000000002
11.400000000000002
11.200000000000001
11.200000000000001
11.200000000000001
11.200000000000001
11.200000000000001
11.200000000000001
11.200000000000001
11.0
11.200000000000001
11.200000000000001
11.200000000000001
11.200000000000001
11.0
11.200000000000001
11.0
11.0
10.8
11.0
10.8
11.0
10.8
10.8
10.8
10.8
10.8
10.8
10.8
10.600000000000001
10.600000000000001
10.600000000000001
10.600000000000001
10.8
10.600000000000001
10.600000000000001
10.600000000000001
10.600000000000001
10.600000000000001
10.600000000000001
10.4
10.600000000000001
10.4
10.4
10.4
10.4
10.2
10.2
10.2
10.2
10.2
10.2
10.4
10.2
10.4
10.2
10.2
10.0
10.0
10.0
10.0
10.0
10.0
10.0
10.0
10.0
10.0
10.0
10.0
10.0
9.8
10.0
9.8
9.8
9.8
9.6
9.8
9.6
9.8
9.6
9.6
9.6
9.6
9.6
9.6
9.6
9.6
9.6
9.6
9.8
9.399999999999999
9.399999999999999
9.399999999999999
9.6
9.399999999999999
9.6
9.2
9.6
9.399999999999999
9.399999999999999
9.399999999999999
9.2
9.399999999999999
9.2
9.2
9.0
9.399999999999999
9.2
9.399999999999999
9.2
9.2
9.2
9.2
9.2
9.0
9.0
9.0
9.2
9.2
9.0
9.0
8.799999999999999
9.2
8.799999999999999
9.0
8.799999999999999
8.799999999999999
8.799999999999999
9.0
8.799999999999999
9.0
9.0
8.799999999999999
8.799999999999999
8.799999999999999
8.799999999999999
8.799999999999999
8.799999999999999
8.799999999999999
8.799999999999999
8.799999999999999
8.799999999999999
8.799999999999999
8.599999999999998
8.799999999999999
8.799999999999999
8.599999999999998
8.799999999999999
8.599999999999998
8.599999999999998
8.799999999999999
8.599999999999998
8.799999999999999
8.799999999999999
8.799999999999999
8.599999999999998
8.799999999999999
8.599999999999998
8.799999999999999
8.799999999999999
8.599999999999998
8.599999999999998
8.799999999999999
8.799999999999999
8.599999999999998
8.799999999999999
8.599999999999998
8.599999999999998
8.799999999999999
8.599999999999998
8.599999999999998
8.599999999999998
8.599999999999998
8.599999999999998
8.599999999999998
8.599999999999998
8.599999999999998
8.599999999999998
8.599999999999998
8.599999999999998
8.599999999999998
8.599999999999998
8.599999999999998
8.599999999999998
8.599999999999998
8.4
8.599999999999998
8.599999999999998
8.4
8.599999999999998
8.4
8.599999999999998
8.599999999999998
8.4
8.4
8.599999999999998
8.4
8.599999999999998
8.599999999999998
8.599999999999998
8.4
8.4
8.599999999999998
8.599999999999998
8.599999999999998
8.599999999999998
8.200000000000001
8.4
8.599999999999998
8.4
8.599999999999998
8.4
8.599999999999998
8.4
8.599999999999998
8.4
8.4
8.599999999999998
8.4
8.599999999999998
8.4
8.599999999999998
8.4
8.4
8.4
8.4
8.4
8.4
8.4
8.4
8.599999999999998
8.4
8.4
8.4
8.4
8.200000000000001
8.599999999999998
8.4
8.599999999999998
8.4
8.4
8.4
8.4
8.599999999999998
8.599999999999998
8.599999999999998
8.4
8.4
8.4
8.4
8.4
8.4
8.4
8.4
8.599999999999998
8.4
8.4
8.4
8.599999999999998
8.4
8.4
8.4
8.4
8.4
8.599999999999998
8.599999999999998
8.4
8.4
8.4
8.799999999999999
8.4
8.4
8.4
8.599999999999998
8.4
8.4
8.4
8.4
8.4
8.4
8.4
8.4
8.4
8.4
8.4
8.4
8.4
8.4
8.4
8.4
8.599999999999998
8.4
8.599999999999998
8.4
8.4
8.599999999999998
8.4
8.4
8.4
8.599999999999998
8.4
8.4
8.4
8.599999999999998
8.4
8.4
8.4
8.4
8.4
8.4
8.4
8.4
8.4
8.4
8.4
8.4
8.4
8.4
8.4
8.599999999999998
8.4
8.4
8.200000000000001
8.4
8.4
8.4
8.4
8.4
8.4
8.4
8.4
8.4
8.599999999999998
8.4
8.599999999999998
8.4
8.599999999999998
8.200000000000001
8.4
8.4
8.599999999999998
8.4
8.4
8.4
8.200000000000001
8.599999999999998
8.4
8.4
8.200000000000001
8.599999999999998
8.4
8.4
8.4
8.4
8.4
8.4
8.4
8.599999999999998
8.4
8.4
8.599999999999998
8.4
8.4
8.4
8.4
8.4
8.4
8.4
8.4
8.4
8.4
8.4
8.4
8.4
8.4
8.4
8.200000000000001
8.599999999999998
8.4
8.4
8.4
8.4
8.4
8.4
8.4
8.4
8.4
8.4
8.4
8.4
8.4
8.4
8.4
8.4
8.4
8.4
8.599999999999998
8.4
8.599999999999998
8.4
8.200000000000001
8.4
8.4
8.4
8.4
8.4
8.200000000000001
8.4
8.4
8.4
8.599999999999998
8.4
8.4
8.4
8.599999999999998
8.599999999999998
8.4
8.4
8.599999999999998
8.4
8.200000000000001
8.4
8.4
8.4
8.4
8.4
8.4
8.4
8.4
8.4
8.4
8.4
8.599999999999998
8.4
8.4
8.4
8.4
8.4
8.4
8.4
8.4
8.4
8.4
8.4
8.4
8.4
8.4
8.4
8.4
8.4
8.599999999999998
8.599999999999998
8.4
8.4
8.4
8.4
8.4
8.4
8.4
8.599999999999998
8.4
8.4
8.4
8.4
8.4
8.4
8.599999999999998
8.4
8.4
8.200000000000001
8.4
8.200000000000001
8.4
8.4
8.4
8.4
8.4
8.599999999999998
8.4
8.4
8.4
8.4
8.4
8.599999999999998
8.4
8.599999999999998
8.4
8.4
8.4
8.4
8.599999999999998
8.4
8.4
8.4
8.4
8.4
8.4
8.4
8.4
8.4
8.4
8.4
8.4
8.4
8.4
8.4
8.4
8.4
8.599999999999998
8.4
8.4
8.4
8.4
8.4
8.4
8.4
8.599999999999998
8.200000000000001
8.4
8.4
8.4
8.4
8.4
8.4
8.4
8.599999999999998
8.4
8.4
8.4
8.4
8.4
8.4
8.4
8.4
8.4
8.4
8.4
8.4
8.4
8.599999999999998
8.4
8.4
8.4
8.4
8.4
8.200000000000001
8.4
8.4
8.4
8.4
8.4
8.4
8.4
8.599999999999998
8.4
8.599999999999998
8.599999999999998
8.4
8.4
8.4
8.4
8.4
8.4
8.4
8.4
8.4
8.4
8.4
8.4
8.4
8.4
8.4
8.4
8.4
8.4
8.4
8.599999999999998
8.4
8.4
8.4
8.4
8.4
8.4
8.599999999999998
8.4
8.4
8.4
8.599999999999998
8.4
8.4
8.4
8.4
8.599999999999998
8.4
8.4
8.4
8.4
8.4
8.599999999999998
8.4
8.4
8.4
8.4
8.4
8.4
8.4
8.4
8.4
8.4
8.4
8.4
8.599999999999998
8.4
8.4
8.4
8.4
8.4
8.4
8.4
8.4
8.599999999999998
8.4
8.4
8.4
8.4
8.4
8.4
8.599999999999998
8.4
8.4
8.599999999999998
8.4
8.4
8.4
8.599999999999998
8.4
8.4
8.4
8.599999999999998
8.4
8.4
8.4
8.4
8.4
8.599999999999998
8.4
8.599999999999998
8.4
8.4
8.4
8.4
8.4
8.4
8.4
8.4
8.4
8.4
8.4
8.4
8.4
8.4
8.4
8.4
8.599999999999998
8.4
8.4
8.4
8.4
8.4
8.200000000000001
8.4
8.4
8.4
8.4
8.4
8.4
8.4
8.4
8.4
8.4
8.4
8.4
8.4
8.4
8.4
8.4
8.4
8.599999999999998
8.4
8.4
8.4
8.599999999999998
8.4
8.4
8.4
8.599999999999998
8.599999999999998
8.200000000000001
8.4
8.4
8.4
8.200000000000001
8.4
8.4
8.4
8.4
8.4
8.4
8.599999999999998
8.4
8.4
8.599999999999998
8.4
8.4
8.200000000000001
8.4
8.4
8.4
8.4
8.4
8.4
8.4
8.599999999999998
8.4
8.599999999999998
8.4
8.4
8.4
8.599999999999998
8.4
8.599999999999998
8.4
8.4
8.599999999999998
8.4
8.4
8.4
8.4
8.4
8.4
8.4
8.4
8.4
8.4
8.4
8.4
8.599999999999998
8.599999999999998
8.4
8.799999999999999
8.799999999999999
9.0
9.2
9.399999999999999
9.6
9.8
10.2
10.4
10.600000000000001
11.0
11.200000000000001
11.799999999999999
11.799999999999999
12.2
12.2
12.4
12.6
12.8
13.2
13.399999999999999
13.599999999999998
13.599999999999998
13.799999999999999
14.0
14.2
14.399999999999999
14.6
14.6
15.0
15.2
15.4
15.600000000000001
15.8
16.0
16.200000000000003
16.599999999999998
16.599999999999998
16.8
16.8
17.4
17.4
17.6
17.6
18.0
18.0
18.400000000000002
18.400000000000002
18.400000000000002
18.799999999999997
18.799999999999997
19.2
19.0
19.2
19.2
19.6
19.6
19.8
20.0
20.2
20.4
20.4
20.6
20.6
21.0
21.0
21.0
21.200000000000003
21.400000000000002
21.400000000000002
21.6
21.8
21.8
21.8
22.0
22.0
22.0
22.200000000000003
22.200000000000003
22.400000000000002
22.400000000000002
22.599999999999998
22.599999999999998
22.800000000000004
22.800000000000004
23.0
23.0
23.2
23.2
23.2
23.4
23.4
23.599999999999998
23.599999999999998
23.599999999999998
23.599999999999998
23.799999999999997
23.799999999999997
23.799999999999997
24.0
24.0
24.2
24.2
24.4
24.4
24.2
24.4
24.4
24.4
24.4
24.6
24.8
24.8
24.8
24.8
24.8
25.0
25.0
25.2
25.0
25.4
25.0
25.4
25.2
25.4
25.2
25.4
25.4
25.4
25.6
25.4
25.6
25.6
25.6
25.8
25.8
25.8
25.8
25.8
26.0
26.0
25.8
26.200000000000003
26.0
26.200000000000003
26.0
26.0
26.0
26.200000000000003
26.200000000000003
26.200000000000003
26.200000000000003
26.200000000000003
26.200000000000003
26.200000000000003
26.200000000000003
26.200000000000003
26.6
26.200000000000003
26.400000000000002
26.400000000000002
26.400000000000002
26.400000000000002
26.6
26.6
26.6
26.400000000000002
26.400000000000002
26.8
26.6
26.6
26.400000000000002
26.6
26.8
26.8
26.8
26.8
26.8
26.6
26.8
26.6
26.6
26.6
26.8
26.8
27.0
26.8
26.8
26.8
27.0
26.8
26.8
27.0
27.0
27.0
27.0
27.0
26.8
27.0
27.0
27.199999999999996
27.199999999999996
27.0
27.0
27.0
27.0
27.0
27.0
27.0
27.199999999999996
27.199999999999996
27.199999999999996
27.0
27.199999999999996
27.199999999999996
27.199999999999996
27.199999999999996
27.199999999999996
27.400000000000002
27.199999999999996
27.400000000000002
27.199999999999996
27.199999999999996
27.199999999999996
27.400000000000002
27.199999999999996
27.400000000000002
27.400000000000002
27.199999999999996
27.199999999999996
27.199999999999996
27.199999999999996
27.199999999999996
27.400000000000002
27.199999999999996
27.199999999999996
27.199999999999996
27.400000000000002
27.199999999999996
27.400000000000002
27.199999999999996
27.400000000000002
27.400000000000002
27.400000000000002
27.599999999999998
27.400000000000002
27.400000000000002
27.400000000000002
27.400000000000002
27.400000000000002
27.400000000000002
27.400000000000002
27.400000000000002
27.400000000000002
27.599999999999998
27.400000000000002
27.400000000000002
27.400000000000002
27.400000000000002
27.599999999999998
27.400000000000002
27.599999999999998
27.400000000000002
27.400000000000002
27.400000000000002
27.599999999999998
27.400000000000002
27.400000000000002
27.599999999999998
27.599999999999998
27.400000000000002
27.400000000000002
27.599999999999998
27.599999999999998
27.599999999999998
27.400000000000002
27.400000000000002
27.199999999999996
27.400000000000002
27.400000000000002
27.400000000000002
27.400000000000002
27.400000000000002
27.400000000000002
27.400000000000002
27.599999999999998
27.400000000000002
27.599999999999998
27.599999999999998
27.599999999999998
27.599999999999998
27.599999999999998
27.599999999999998
27.599999999999998
27.599999999999998
27.599999999999998
27.599999999999998
27.599999999999998
27.599999999999998
27.599999999999998
27.599999999999998
27.400000000000002
27.599999999999998
27.400000000000002
27.599999999999998
27.599999999999998
27.400000000000002
27.599999999999998
27.400000000000002
27.599999999999998
27.400000000000002
27.800000000000004
27.400000000000002
27.400000000000002
27.599999999999998
27.599999999999998
27.599999999999998
27.599999999999998
27.599999999999998
27.599999999999998
27.599999999999998
27.599999999999998
27.400000000000002
27.599999999999998
27.800000000000004
27.599999999999998
27.599999999999998
27.599999999999998
27.599999999999998
27.599999999999998
27.599999999999998
27.400000000000002
27.599999999999998
27.599999999999998
27.599999999999998
27.599999999999998
27.599999999999998
27.599999999999998
27.599999999999998
27.800000000000004
27.400000000000002
27.599999999999998
27.800000000000004
27.800000000000004
27.599999999999998
27.599999999999998
27.800000000000004
27.599999999999998
27.599999999999998
27.400000000000002
27.599999999999998
27.599999999999998
27.599999999999998
27.400000000000002
27.599999999999998
27.400000000000002
27.599999999999998
27.599999999999998
27.599999999999998
27.599999999999998
27.599999999999998
27.800000000000004
27.599999999999998
27.800000000000004
27.599999999999998
27.599999999999998
27.400000000000002
27.599999999999998
27.599999999999998
27.599999999999998
27.800000000000004
27.599999999999998
27.599999999999998
27.800000000000004
27.800000000000004
27.400000000000002
27.800000000000004
27.400000000000002
27.599999999999998
27.400000000000002
27.800000000000004
27.599999999999998
27.599999999999998
27.599999999999998
27.599999999999998
27.599999999999998
27.599999999999998
27.800000000000004
27.599999999999998
27.599999999999998
27.599999999999998
27.800000000000004
27.599999999999998
27.800000000000004
27.599999999999998
27.599999999999998
27.599999999999998
27.800000000000004
27.800000000000004
27.400000000000002
27.599999999999998
27.400000000000002
27.599999999999998
27.400000000000002
27.400000000000002
27.599999999999998
27.599999999999998
27.599999999999998
27.599999999999998
27.800000000000004
27.599999999999998
27.800000000000004
27.599999999999998
27.800000000000004
27.599999999999998
27.599999999999998
27.599999999999998
27.800000000000004
27.599999999999998
27.599999999999998
27.599999999999998
27.599999999999998
27.599999999999998
27.599999999999998
27.800000000000004
27.599999999999998
27.800000000000004
27.800000000000004
27.599999999999998
27.599999999999998
27.599999999999998
27.599999999999998
27.599999999999998
27.599999999999998
27.400000000000002
27.599999999999998
27.599999999999998
27.599999999999998
27.800000000000004
27.599999999999998
27.400000000000002
27.599999999999998
27.400000000000002
27.599999999999998
27.599999999999998
27.599999999999998
27.599999999999998
27.599999999999998
27.599999999999998
27.599999999999998
27.599999999999998
27.599999999999998
27.599999999999998
27.599999999999998
27.599999999999998
27.599999999999998
27.800000000000004
27.599999999999998
27.599999999999998
27.599999999999998
27.599999999999998
27.599999999999998
27.800000000000004
27.599999999999998
27.599999999999998
27.800000000000004
27.599999999999998
27.599999999999998
27.599999999999998
27.599999999999998
27.599999999999998
27.599999999999998
27.599999999999998
27.599999999999998
27.599999999999998
27.599999999999998
27.599999999999998
27.599999999999998
27.599999999999998
27.400000000000002
27.599999999999998
27.599999999999998
27.599999999999998
27.400000000000002
27.599999999999998
27.599999999999998
27.599999999999998
27.599999999999998
27.599999999999998
27.800000000000004
27.599999999999998
27.599999999999998
27.599999999999998
27.800000000000004
27.599999999999998
27.599999999999998
27.800000000000004
27.800000000000004
27.800000000000004
27.599999999999998
27.599999999999998
27.599999999999998
27.599999999999998
27.599999999999998
27.599999999999998
27.599999999999998
27.599999999999998
27.599999999999998
27.599999999999998
27.400000000000002
27.800000000000004
27.800000000000004
27.599999999999998
27.599999999999998
27.599999999999998
27.800000000000004
27.599999999999998
27.599999999999998
27.599999999999998
27.800000000000004
27.599999999999998
27.800000000000004
27.599999999999998
27.599999999999998
27.800000000000004
27.599999999999998
27.599999999999998
27.599999999999998
27.599999999999998
27.599999999999998
27.599999999999998
27.599999999999998
27.599999999999998
27.599999999999998
27.599999999999998
27.599999999999998
27.599999999999998
27.599999999999998
27.800000000000004
27.599999999999998
27.599999999999998
27.800000000000004
27.599999999999998
27.800000000000004
27.599999999999998
27.800000000000004
27.800000000000004
27.599999999999998
27.599999999999998
27.599999999999998
27.800000000000004
27.599999999999998
27.800000000000004
27.599999999999998
27.599999999999998
27.599999999999998
27.599999999999998
27.599999999999998
27.599999999999998
27.599999999999998
27.800000000000004
27.599999999999998
27.400000000000002
27.599999999999998
27.599999999999998
27.599999999999998
27.599999999999998
27.599999999999998
27.599999999999998
27.599999999999998
27.599999999999998
27.800000000000004
27.599999999999998
27.599999999999998
27.599999999999998
27.599999999999998
27.800000000000004
27.599999999999998
27.800000000000004
27.599999999999998
27.599999999999998
27.599999999999998
27.400000000000002
27.599999999999998
27.599999999999998
27.599999999999998
27.800000000000004
27.599999999999998
27.599999999999998
27.599999999999998
27.599999999999998
27.800000000000004
27.599999999999998
27.599999999999998
27.599999999999998
27.800000000000004
27.599999999999998
27.800000000000004
27.599999999999998
27.599999999999998
27.599999999999998
27.599999999999998
27.599999999999998
27.599999999999998
27.599999999999998
27.599999999999998
27.800000000000004
27.400000000000002
27.599999999999998
27.599999999999998
27.599999999999998
27.599999999999998
27.800000000000004
27.400000000000002
27.800000000000004
27.599999999999998
27.599999999999998
27.800000000000004
27.599999999999998
27.800000000000004
27.599999999999998
27.800000000000004
27.599999999999998
27.800000000000004
27.400000000000002
27.599999999999998
27.800000000000004
27.599999999999998
27.599999999999998
27.599999999999998
27.800000000000004
27.599999999999998
27.800000000000004
27.400000000000002
27.599999999999998
27.599999999999998
27.800000000000004
27.599999999999998
27.599999999999998
27.599999999999998
27.599999999999998
27.599999999999998
27.599999999999998
27.599999999999998
27.599999999999998
27.599999999999998
27.599999999999998
27.800000000000004
27.599999999999998
27.599999999999998
27.599999999999998
27.800000000000004
27.599999999999998
27.599999999999998
27.400000000000002
27.599999999999998
27.599999999999998
27.599999999999998
27.800000000000004
27.599999999999998
27.599999999999998
27.599999999999998
27.400000000000002
27.599999999999998
27.800000000000004
27.800000000000004
27.599999999999998
27.599999999999998
27.400000000000002
27.800000000000004
27.599999999999998
27.599999999999998
27.599999999999998
27.599999999999998
27.599999999999998
27.800000000000004
27.599999999999998
27.599999999999998
27.599999999999998
27.599999999999998
27.599999999999998
27.599999999999998
27.599999999999998
27.599999999999998
27.599999999999998
27.599999999999998
27.800000000000004
27.599999999999998
27.800000000000004
27.599999999999998
27.800000000000004
27.599999999999998
27.599999999999998
27.800000000000004
27.599999999999998
27.800000000000004
27.599999999999998
27.800000000000004
27.599999999999998
27.599999999999998
27.599999999999998
27.599999999999998
27.599999999999998
27.599999999999998
27.599999999999998
27.599999999999998
27.599999999999998
27.599999999999998
27.800000000000004
27.599999999999998
27.599999999999998
27.599999999999998
27.400000000000002
27.599999999999998
27.599999999999998
27.400000000000002
27.800000000000004
27.599999999999998
27.599999999999998
27.599999999999998
27.599999999999998
27.800000000000004
27.599999999999998
27.800000000000004
27.800000000000004
27.800000000000004
27.599999999999998
27.599999999999998
27.400000000000002
27.599999999999998
27.599999999999998
27.599999999999998
27.599999999999998
27.800000000000004
27.800000000000004
27.599999999999998
27.599999999999998
27.599999999999998
27.800000000000004
27.599999999999998
27.800000000000004
27.599999999999998
27.599999999999998
27.800000000000004
27.400000000000002
27.800000000000004
27.800000000000004
27.800000000000004
27.599999999999998
27.800000000000004
27.599999999999998
27.599999999999998
27.599999999999998
27.599999999999998
27.599999999999998
27.599999999999998
27.599999999999998
27.599999999999998
27.599999999999998
27.599999999999998
27.800000000000004
27.599999999999998
27.800000000000004
27.599999999999998
27.800000000000004
27.400000000000002
27.800000000000004
27.400000000000002
27.800000000000004
27.599999999999998
27.800000000000004
27.599999999999998
27.599999999999998
27.599999999999998
27.599999999999998
27.800000000000004
27.599999999999998
27.800000000000004
27.599999999999998
27.599999999999998
27.599999999999998
27.599999999999998
27.599999999999998
27.599999999999998
27.599999999999998
27.599999999999998
27.599999999999998
27.599999999999998
27.599999999999998
27.400000000000002
27.599999999999998
27.599999999999998
27.800000000000004
27.800000000000004
27.599999999999998
27.800000000000004
27.800000000000004
27.599999999999998
27.599999999999998
27.599999999999998
27.400000000000002
27.599999999999998
27.400000000000002
27.599999999999998
27.599999999999998
27.599999999999998
27.400000000000002
27.599999999999998
27.599999999999998
27.599999999999998
27.599999999999998
27.599999999999998
27.599999999999998
27.800000000000004
27.800000000000004
27.599999999999998
27.800000000000004
27.599999999999998
27.800000000000004
27.599999999999998
27.599999999999998
27.599999999999998
27.800000000000004
27.800000000000004
27.599999999999998
27.599999999999998
27.599999999999998
27.800000000000004
27.599999999999998
27.800000000000004
27.400000000000002
27.599999999999998
27.599999999999998
27.599999999999998
27.599999999999998
27.599999999999998
27.599999999999998
27.599999999999998
27.599999999999998
27.599999999999998
27.800000000000004
27.800000000000004
27.599999999999998
27.599999999999998
27.800000000000004
27.599999999999998
27.800000000000004
27.400000000000002
27.599999999999998
27.599999999999998
27.599999999999998
27.599999999999998
27.599999999999998
27.800000000000004
27.599999999999998
27.599999999999998
27.599999999999998
27.599999999999998
27.599999999999998
27.599999999999998
27.599999999999998
27.599999999999998
27.599999999999998
27.800000000000004
27.599999999999998
27.400000000000002
27.800000000000004
27.599999999999998
27.800000000000004
27.599999999999998
27.599999999999998
27.800000000000004
27.599999999999998
27.599999999999998
27.800000000000004
27.599999999999998
27.599999999999998
27.800000000000004
27.599999999999998
27.599999999999998
27.400000000000002
27.599999999999998
27.599999999999998
27.599999999999998
27.400000000000002
27.599999999999998
27.599999999999998
27.599999999999998
27.800000000000004
27.800000000000004
27.800000000000004
27.599999999999998
27.599999999999998
27.400000000000002
27.800000000000004
27.599999999999998
27.800000000000004
27.599999999999998
27.599999999999998
27.599999999999998
27.400000000000002
27.800000000000004
27.599999999999998
27.800000000000004
27.400000000000002
27.800000000000004
27.599999999999998
27.599999999999998
27.599999999999998
27.800000000000004
27.400000000000002
27.800000000000004
27.599999999999998
27.400000000000002
27.599999999999998
27.599999999999998
27.800000000000004
27.599999999999998
27.599999999999998
27.599999999999998
27.800000000000004
27.599999999999998
27.599999999999998
27.599999999999998
27.599999999999998
27.599999999999998
28.0
27.599999999999998
27.599999999999998
27.800000000000004
27.400000000000002
27.599999999999998
27.599999999999998
27.599999999999998
27.800000000000004
27.599999999999998
27.599999999999998
27.599999999999998
27.599999999999998
27.599999999999998
27.599999999999998
27.599999999999998
27.599999999999998
27.599999999999998
27.599999999999998
27.599999999999998
27.800000000000004
27.599999999999998
27.800000000000004
27.599999999999998
27.599999999999998
27.599999999999998
27.800000000000004
27.800000000000004
27.599999999999998
27.599999999999998
27.599999999999998
27.599999999999998
27.400000000000002
27.599999999999998
27.599999999999998
27.800000000000004
27.599999999999998
27.800000000000004
27.599999999999998
27.599999999999998
27.800000000000004
27.599999999999998
27.800000000000004
27.599999999999998
27.599999999999998
27.599999999999998
27.800000000000004
27.599999999999998
27.599999999999998
27.599999999999998
27.599999999999998
27.800000000000004
27.800000000000004
27.800000000000004
27.599999999999998
27.599999999999998
27.599999999999998
27.800000000000004
27.599999999999998
27.800000000000004
27.599999999999998
27.599999999999998
27.599999999999998
27.599999999999998
27.800000000000004
27.599999999999998
27.800000000000004
27.599999999999998
27.800000000000004
27.599999999999998
27.599999999999998
27.599999999999998
27.599999999999998
27.599999999999998
27.800000000000004
27.800000000000004
27.599999999999998
27.599999999999998
27.800000000000004
27.599999999999998
27.599999999999998
27.400000000000002
27.599999999999998
27.800000000000004
27.400000000000002
27.599999999999998
27.599999999999998
27.599999999999998
27.800000000000004
27.800000000000004
27.599999999999998
27.599999999999998
27.599999999999998
27.599999999999998
27.599999999999998
27.599999999999998
27.599999999999998
27.599999999999998
27.599999999999998
27.599999999999998
27.400000000000002
27.599999999999998
27.599999999999998
27.599999999999998
27.599999999999998
27.599999999999998
27.599999999999998
27.599999999999998
27.599999999999998
27.599999999999998
27.599999999999998
27.599999999999998
27.599999999999998
27.599999999999998
27.800000000000004
27.599999999999998
27.599999999999998
27.599999999999998
27.800000000000004
27.800000000000004
27.599999999999998
27.599999999999998
27.599999999999998
27.599999999999998
27.800000000000004
27.800000000000004
27.599999999999998
27.400000000000002
27.599999999999998
27.599999999999998
27.599999999999998
27.599999999999998
27.599999999999998
27.599999999999998
27.599999999999998
27.599999999999998
27.599999999999998
27.599999999999998
27.599999999999998
27.800000000000004
27.800000000000004
27.800000000000004
27.599999999999998
27.599999999999998
27.800000000000004
27.599999999999998
27.599999999999998
27.599999999999998
27.599999999999998
27.599999999999998
27.599999999999998
27.599999999999998
27.800000000000004
27.599999999999998
27.599999999999998
27.599999999999998
27.599999999999998
27.599999999999998
27.800000000000004
27.599999999999998
27.599999999999998
27.800000000000004
27.599999999999998
27.599999999999998
27.599999999999998
27.800000000000004
27.599999999999998
27.599999999999998
27.800000000000004
27.599999999999998
27.800000000000004
27.599999999999998
27.599999999999998
27.599999999999998
27.599999999999998
27.400000000000002
27.599999999999998
27.599999999999998
27.599999999999998
27.599999999999998
27.599999999999998
27.599999999999998
27.599999999999998
27.800000000000004
27.599999999999998
27.599999999999998
27.400000000000002
27.599999999999998
27.599999999999998
27.800000000000004
27.599999999999998
27.599999999999998
27.599999999999998
27.599999999999998
27.800000000000004
27.800000000000004
27.400000000000002
27.599999999999998
27.599999999999998
27.800000000000004
27.599999999999998
27.599999999999998
27.599999999999998
27.599999999999998
27.599999999999998
27.599999999999998
27.599999999999998
27.599999999999998
27.400000000000002
27.599999999999998
27.599999999999998
27.599999999999998
27.599999999999998
27.800000000000004
27.599999999999998
27.800000000000004
27.599999999999998
27.800000000000004
27.599999999999998
27.599999999999998
27.599999999999998
27.800000000000004
27.599999999999998
27.599999999999998
27.800000000000004
27.800000000000004
27.599999999999998
27.599999999999998
27.599999999999998
27.599999999999998
27.599999999999998
27.400000000000002
27.599999999999998
27.599999999999998
27.599999999999998
27.400000000000002
27.599999999999998
27.800000000000004
27.400000000000002
27.800000000000004
27.599999999999998
27.800000000000004
27.400000000000002
27.800000000000004
27.599999999999998
27.599999999999998
27.599999999999998
27.800000000000004
27.800000000000004
27.599999999999998
27.599999999999998
27.599999999999998
27.599999999999998
27.400000000000002
27.599999999999998
27.400000000000002
27.800000000000004
27.599999999999998
27.599999999999998
27.599999999999998
27.599999999999998
27.800000000000004
27.599999999999998
27.599999999999998
27.599999999999998
27.599999999999998
27.599999999999998
27.800000000000004
27.800000000000004
27.599999999999998
27.800000000000004
27.599999999999998
27.800000000000004
27.599999999999998
27.599999999999998
27.599999999999998
27.599999999999998
27.599999999999998
27.599999999999998
27.400000000000002
27.599999999999998
27.599999999999998
27.800000000000004
27.599999999999998
27.599999999999998
27.800000000000004
27.599999999999998
27.599999999999998
27.599999999999998
27.800000000000004
27.599999999999998
27.599999999999998
27.599999999999998
27.599999999999998
27.599999999999998
27.800000000000004
27.599999999999998
27.599999999999998
27.800000000000004
27.599999999999998
27.800000000000004
27.599999999999998
27.800000000000004
27.599999999999998
27.599999999999998
27.599999999999998
27.599999999999998
27.599999999999998
27.800000000000004
27.599999999999998
27.599999999999998
27.599999999999998
27.599999999999998
27.400000000000002
27.599999999999998
27.599999999999998
27.599999999999998
